0
2
2
0.13436424411240122
0.8474337369372327
0.763774618976614
0.2550690257394217
0.49543508709194095
0.4494910647887381
69
-1
69
-1
69
-1
69
-1
69
-1
69
-1
69
-1
69
-1
69
-1
69
-1
69
-1
69
-1
69
-1
69
-1
69
-1
69
-1
69
-1
69
-1
69
-1
69
-1
69
-1
69
-1
69
-1
69
-1
69
-1
69
-1
69
-1
69
-1
69
-1
69
-1
69
-1
69
-1
69
-1
69
-1
69
-1
69
-1
69
-1
69
-1
69
-1
69
-1
69
-1
69
-1
69
-1
69
-1
69
-1
69
-1
69
-1
69
-1
69
-1
69
-1
69
-1
69
-1
69
-1
69
-1
69
-1
69
-1
69
-1
69
-1
69
-1
69
-1
69
-1
69
-1
69
-1
69
-1
69
-1
69
-1
69
-1
69
-1
69
-1
69
-1
69
-1
69
-1
69
-1
69
-1
69
-1
69
-1
69
-1
69
-1
69
-1
69
-1
69
-1
69
-1
69
-1
69
-1
69
-1
69
-1
69
-1
69
-1
69
-1
69
-1
69
-1
69
-1
69
-1
69
-1
69
-1
69
-1
69
-1
69
-1
69
-1
69
-1
69
-1
69
-1
69
-1
69
-1
69
-1
69
-1
69
-1
69
-1
69
-1
69
-1
69
-1
69
-1
69
-1
69
-1
69
-1
69
-1
69
-1
69
-1
69
-1
69
-1
69
-1
69
-1
69
-1
69
-1
69
-1
69
-1
69
-1
69
-1
