0.341345
0.250229
0.306285
0.295254
0.306002
0.262131
0.490098
0.389474
0.508497
0.447869
0.371528
0.351574
0.332879
0.365959
0.393325
0.337033
0.388831
0.400210
0.320389
0.289942
0.437174
0.338696
0.398026
0.318203
0.447793
0.418397
0.546234
0.431603
0.465048
0.449047
0.491023
0.397188
0.525381
0.401152
0.460165
0.443451
0.383988
0.291670
0.426696
0.421367
0.388805
0.348799
0.338136
0.316471
0.441527
0.317908
0.324660
0.341660
0.350241
0.257047
0.399656
0.318646
0.327794
0.337469
0.365772
0.282599
0.340265
0.348670
0.276753
0.265967
