0.48935061082033504
0.44577813262741195
0.45873886425406407
0.5381134459628557
0.5361380600824045
0.31634771074843737
0.43584781834991226
0.4406228840194665
0.6225591491508786
0.6082436973854054
0.4572271600694514
0.4781089975469124
0.4330181915183998
0.6013111367063819
0.3759952486981266
0.3442114629943124
0.29321707212758774
0.39837859940860265
0.4586601243756142
0.4670202491359612
0.4293188396310724
0.40579120200758334
0.10373722197667334
0.28489235270330227
0.5922904595663053
0.46259097995819254
0.4844323671684665
0.39413828271437357
0.5362591960107795
0.2181347546434632
0.4586601243756142
0.4670202491359612
0.4293188396310724
0.40579120200758334
0.10373722197667334
0.28489235270330227
0.43584781834991226
0.4406228840194665
0.6225591491508786
0.6082436973854054
0.4572271600694514
0.4781089975469124
0.4330181915183998
0.6013111367063819
0.3759952486981266
0.3442114629943124
0.29321707212758774
0.39837859940860265
0.4330181915183998
0.6013111367063819
0.3759952486981266
0.3442114629943124
0.29321707212758774
0.39837859940860265
0.40069213646873203
0.4378149423670128
0.6067299849893575
0.5154895627171361
0.2723976947625474
0.4792046681468577
