91
2
-4
0.134364244112
0.847433736937
0.763774618977
0.255069025739
0.495435087092
0.449491064789
1
2
1
3
1
6
0
5
0
20
0
1
0
11
0
35
0
18
0
7
0
10
0
32
0
14
0
28
0
19
-1
24
0.651592972723
0.788723351136
0.0938595867742
0.028347476522
0.83576510392
0.432767067905
-1
277
-1
134
-1
118
-1
54
-1
242
69
-1
69
-1
69
-1
69
-1
69
-1
69
-1
69
-1
69
-1
69
-1
69
-1
69
-1
0.762280082458
0.00210605335111
0.445387194055
0.721540032341
0.22876222127
0.945270695554
0
84
0
16
0
8
0
102
0
21
0
94
0
172
0
104
0
43
0
46
0
25
0
15
0
183
-1
218
-1
171
-1
49
0.901427457611
0.0305899830336
0.0254458609935
0.541412472793
0.939149162779
0.381204237688
0
123
0
100
0
267
0
97
0
33
0
30
0
59
0
26
0
39
0
41
0
4
0
45
0
270
69
-1
69
-1
69
-1
0.216599397131
0.422116575583
0.0290407875749
0.221691666273
0.437887593651
0.495812241382
-1
57
-1
310
-1
60
-1
148
-1
355
-1
285
-1
126
-1
162
-1
131
-1
22
-1
262
-1
9
69
-1
69
-1
69
-1
69
-1
0.233084450258
0.230866541541
0.218781037338
0.459603465738
0.28978161459
0.0214897052659
-1
106
-1
44
-1
150
-1
144
-1
239
-1
23
-3
244
69
-1
69
-1
69
-1
69
-1
69
-1
69
-1
69
-1
69
-1
69
-1
0.837577975663
0.556454322652
0.642294362932
0.185906265895
0.992543412176
0.859946528795
0
13
0
68
0
248
0
17
0
108
0
119
0
91
0
160
0
107
0
133
0
214
0
40
0
52
0
141
-1
403
-1
140
0.120889959806
0.33269518536
0.721484407583
0.711191769695
0.936440586799
0.422106999961
-1
175
-1
92
-1
180
-1
236
-1
221
-2
124
69
-1
69
-1
69
-1
69
-1
69
-1
69
-1
69
-1
69
-1
69
-1
69
-1
0.830035693274
0.670305566414
0.303368510933
0.587580606144
0.882479000832
0.846197418428
-1
146
-1
272
-1
254
-1
328
-1
205
-1
70
-1
329
-1
114
-1
125
-1
80
-1
278
-1
127
-1
202
69
-1
69
-1
69
-1
0.50528382058
0.589002257983
0.0345258301513
0.242739973543
0.797404247554
0.414313999301
69
-1
69
-1
69
-1
69
-1
69
-1
69
-1
69
-1
69
-1
69
-1
69
-1
69
-1
69
-1
69
-1
69
-1
69
-1
69
-1
0.173007401579
0.548798761388
0.703040762066
0.674485830502
0.374703020502
0.438961630045
-1
34
-1
250
-1
305
-1
274
-1
284
-1
169
-1
342
-1
12
-1
257
-1
157
-1
226
-1
389
-1
353
-1
362
69
-1
69
-1
0.50842648825
0.778442615
0.520938417613
0.393255094964
0.489693520462
0.0295749639669
-1
298
-1
155
-1
147
-1
320
-1
29
-1
53
-1
176
-2
130
-2
82
69
-1
69
-1
69
-1
69
-1
69
-1
69
-1
69
-1
0.0434872903565
0.703382088604
0.98318771731
0.59318373038
0.393599686378
0.170349196856
69
-1
69
-1
69
-1
69
-1
69
-1
69
-1
69
-1
69
-1
69
-1
69
-1
69
-1
69
-1
69
-1
69
-1
69
-1
69
-1
0.502238558433
0.982076637539
0.770523139831
0.53961744845
0.860289778921
0.232176128063
-1
212
-1
217
-1
366
-1
120
-1
75
-1
78
-1
288
-2
336
69
-1
69
-1
69
-1
69
-1
69
-1
69
-1
69
-1
69
-1
0.513771663188
0.952467388268
0.577794807801
0.459131731911
0.269279477441
0.547996309466
-1
27
-1
206
-1
344
-1
383
-1
31
-1
86
69
-1
69
-1
69
-1
69
-1
69
-1
69
-1
69
-1
69
-1
69
-1
69
-1
0.95711628146
0.00570912945039
0.783655232615
0.820485911925
0.886179580826
0.740503411833
-1
51
-1
396
-1
363
-1
36
69
-1
69
-1
69
-1
69
-1
69
-1
69
-1
69
-1
69
-1
69
-1
69
-1
69
-1
69
-1
0.809139900872
0.518678283523
0.561357864778
0.426090679688
0.0561232975207
0.870010155177
-1
66
-1
101
-1
192
-1
246
-1
394
69
-1
69
-1
69
-1
69
-1
69
-1
69
-1
69
-1
69
-1
69
-1
69
-1
69
-1
0.569999333876
0.199839420177
0.504720467429
0.484925112228
0.356789964545
0.346077919018
-1
85
-1
63
-1
314
-1
241
-1
81
-1
230
-1
315
69
-1
69
-1
69
-1
69
-1
69
-1
69
-1
69
-1
69
-1
69
-1
0.538478795738
0.623489452798
0.612452464783
0.4581468001
0.0279749840838
0.229605031277
-1
48
-1
58
-1
159
-1
116
-1
165
-1
323
-1
90
-2
317
69
-1
69
-1
69
-1
69
-1
69
-1
69
-1
69
-1
69
-1
0.177211258939
0.584460870778
0.861008860853
0.798438940577
0.797097562635
0.816437370561
-1
113
-1
77
-1
275
-1
79
-1
164
-1
61
-1
178
-1
37
-1
143
-1
280
-1
406
69
-1
69
-1
69
-1
69
-1
69
-1
0.255294040087
0.841744832274
0.673113525439
0.0832341378039
0.0166906301156
0.0145599749248
-1
258
69
-1
69
-1
69
-1
69
-1
69
-1
69
-1
69
-1
69
-1
69
-1
69
-1
69
-1
69
-1
69
-1
69
-1
69
-1
0.755586775252
0.249559225653
0.109488627294
0.624802084152
0.344422864096
0.0695153785308
-1
219
-1
109
-1
379
-1
185
-1
349
-1
42
-2
142
69
-1
69
-1
69
-1
69
-1
69
-1
69
-1
69
-1
69
-1
69
-1
0.159625524694
0.527380399048
0.168144946222
0.272914436819
0.711589927185
0.454701630046
69
-1
69
-1
69
-1
69
-1
69
-1
69
-1
69
-1
69
-1
69
-1
69
-1
69
-1
69
-1
69
-1
69
-1
69
-1
69
-1
0.322001766387
0.47377101417
0.023634577632
0.386557104761
0.420918679209
0.188039304751
69
-1
69
-1
69
-1
69
-1
69
-1
69
-1
69
-1
69
-1
69
-1
69
-1
69
-1
69
-1
69
-1
69
-1
69
-1
69
-1
0.108761692445
0.899818500356
0.510115980929
0.209090992552
0.605648640034
0.817039668378
69
-1
69
-1
69
-1
69
-1
69
-1
69
-1
69
-1
69
-1
69
-1
69
-1
69
-1
69
-1
69
-1
69
-1
69
-1
69
-1
0.0208181085093
0.0178645208278
0.146461740399
0.718835472762
0.16022759263
0.704605627852
-1
71
-1
392
69
-1
69
-1
69
-1
69
-1
69
-1
69
-1
69
-1
69
-1
69
-1
69
-1
69
-1
69
-1
69
-1
69
-1
0.678175795277
0.544702163579
0.220599748023
0.975594517818
0.797810857706
0.516599516949
-1
122
-1
128
-1
163
-1
397
-1
350
-1
110
-1
307
-1
187
-1
87
-1
225
-1
319
69
-1
69
-1
69
-1
69
-1
69
-1
0.223195780247
0.648506418099
0.394898009858
0.575845962788
0.321245809345
0.630947861271
69
-1
69
-1
69
-1
69
-1
69
-1
69
-1
69
-1
69
-1
69
-1
69
-1
69
-1
69
-1
69
-1
69
-1
69
-1
69
-1
0.0587851162065
0.298605949623
0.967903310151
0.875534244235
0.306386620333
0.858514406357
-1
229
-1
168
69
-1
69
-1
69
-1
69
-1
69
-1
69
-1
69
-1
69
-1
69
-1
69
-1
69
-1
69
-1
69
-1
69
-1
0.310363627353
0.939288432135
0.743842118667
0.416172262765
0.25235810228
0.00848026246367
69
-1
69
-1
69
-1
69
-1
69
-1
69
-1
69
-1
69
-1
69
-1
69
-1
69
-1
69
-1
69
-1
69
-1
69
-1
69
-1
0.878717898209
0.0379165305986
0.819414110613
0.962201125181
0.570280570245
0.171517095178
-1
341
-1
405
-1
88
-1
378
-1
76
-1
136
-1
95
69
-1
69
-1
69
-1
69
-1
69
-1
69
-1
69
-1
69
-1
69
-1
0.867781064435
0.97377523616
0.70402314233
0.508873746078
0.377968834344
0.346930884563
69
-1
69
-1
69
-1
69
-1
69
-1
69
-1
69
-1
69
-1
69
-1
69
-1
69
-1
69
-1
69
-1
69
-1
69
-1
69
-1
0.205761757295
0.674153014247
0.4329501211
0.194118644985
0.104424222842
0.665957528279
-1
238
-1
199
-1
74
-1
191
-1
181
-1
38
-1
112
-1
259
-1
293
-1
213
69
-1
69
-1
69
-1
69
-1
69
-1
69
-1
0.296072673083
0.499799922237
0.325345654876
0.871621507424
0.899678269635
0.0180929836405
-1
339
-1
197
-1
301
-1
231
-1
263
-1
152
-1
103
69
-1
69
-1
69
-1
69
-1
69
-1
69
-1
69
-1
69
-1
69
-1
0.200853011441
0.327740705096
0.987049717928
0.782700375729
0.339095647851
0.213029796381
69
-1
69
-1
69
-1
69
-1
69
-1
69
-1
69
-1
69
-1
69
-1
69
-1
69
-1
69
-1
69
-1
69
-1
69
-1
69
-1
0.674455069724
0.837701070154
0.932187471894
0.343849814791
0.882393202466
0.687110182154
-1
115
-1
203
-1
177
-1
330
-1
83
-1
64
-1
318
69
-1
69
-1
69
-1
69
-1
69
-1
69
-1
69
-1
69
-1
69
-1
0.910987783508
0.212968194991
0.759116182716
0.600208830132
0.841132195706
0.368107999406
69
-1
69
-1
69
-1
69
-1
69
-1
69
-1
69
-1
69
-1
69
-1
69
-1
69
-1
69
-1
69
-1
69
-1
69
-1
69
-1
0.340285235002
0.291215287411
0.867419823587
0.603982528892
0.954307457172
0.887265104717
-2
358
69
-1
69
-1
69
-1
69
-1
69
-1
69
-1
69
-1
69
-1
69
-1
69
-1
69
-1
69
-1
69
-1
69
-1
69
-1
0.135345977395
0.551170474069
0.104274998015
0.0391377985969
0.0731934188323
0.866168357367
69
-1
69
-1
69
-1
69
-1
69
-1
69
-1
69
-1
69
-1
69
-1
69
-1
69
-1
69
-1
69
-1
69
-1
69
-1
69
-1
0.788116448725
0.828505971469
0.340897464117
0.615186032559
0.781903601633
0.378039628838
-1
255
-1
151
-1
50
-1
65
-1
98
-1
96
-1
384
-2
393
69
-1
69
-1
69
-1
69
-1
69
-1
69
-1
69
-1
69
-1
0.570781525599
0.223714072749
0.0817432623524
0.266723642982
0.890768127855
0.56444683324
-1
47
-1
158
-1
399
-1
228
-1
245
-1
195
-1
198
-1
240
-1
264
-1
149
-1
73
-1
222
-2
93
69
-1
69
-1
69
-1
0.925067202108
0.457769259041
0.277182766108
0.78701466356
0.827768156646
0.0123817444867
-1
306
-1
139
-2
281
69
-1
69
-1
69
-1
69
-1
69
-1
69
-1
69
-1
69
-1
69
-1
69
-1
69
-1
69
-1
69
-1
0.670411639024
0.0916831226165
0.115102498428
0.88506007038
0.0400235368902
0.239633364868
69
-1
69
-1
69
-1
69
-1
69
-1
69
-1
69
-1
69
-1
69
-1
69
-1
69
-1
69
-1
69
-1
69
-1
69
-1
69
-1
0.988158498606
0.42101358743
0.115558180592
0.167383437461
0.241420285098
0.744006416537
-1
211
-1
237
-1
62
-1
370
69
-1
69
-1
69
-1
69
-1
69
-1
69
-1
69
-1
69
-1
69
-1
69
-1
69
-1
69
-1
0.253410136041
0.477010095972
0.10012914395
0.652050199489
0.0396202134137
0.0105061515187
69
-1
69
-1
69
-1
69
-1
69
-1
69
-1
69
-1
69
-1
69
-1
69
-1
69
-1
69
-1
69
-1
69
-1
69
-1
69
-1
0.98258362655
0.295549860049
0.596570643188
0.44984453463
0.313280861069
0.0629647900476
-1
265
-1
72
-1
67
-1
297
69
-1
69
-1
69
-1
69
-1
69
-1
69
-1
69
-1
69
-1
69
-1
69
-1
69
-1
69
-1
0.97995288589
0.542913197485
0.688189808048
0.661834428875
0.259085991854
0.541602262913
-1
223
-1
260
-1
204
-1
361
-1
331
69
-1
69
-1
69
-1
69
-1
69
-1
69
-1
69
-1
69
-1
69
-1
69
-1
69
-1
0.307321117813
0.246381196085
0.0813687653838
0.280786723565
0.983376717219
0.447902240533
-2
56
69
-1
69
-1
69
-1
69
-1
69
-1
69
-1
69
-1
69
-1
69
-1
69
-1
69
-1
69
-1
69
-1
69
-1
69
-1
0.652010534513
0.64346608027
0.940734522249
0.390478551139
0.306784294852
0.327241414687
-2
55
69
-1
69
-1
69
-1
69
-1
69
-1
69
-1
69
-1
69
-1
69
-1
69
-1
69
-1
69
-1
69
-1
69
-1
69
-1
0.551204754916
0.0709163675395
0.0751297922545
0.635382093563
0.290821550419
0.792184757882
-2
251
-2
89
69
-1
69
-1
69
-1
69
-1
69
-1
69
-1
69
-1
69
-1
69
-1
69
-1
69
-1
69
-1
69
-1
69
-1
0.49326104275
0.86264897778
0.154179596163
0.501429585947
0.794983493746
0.0771069862639
69
-1
69
-1
69
-1
69
-1
69
-1
69
-1
69
-1
69
-1
69
-1
69
-1
69
-1
69
-1
69
-1
69
-1
69
-1
69
-1
0.949227948973
0.173242108372
0.776208982986
0.984895871144
0.821550144744
0.319784002793
69
-1
69
-1
69
-1
69
-1
69
-1
69
-1
69
-1
69
-1
69
-1
69
-1
69
-1
69
-1
69
-1
69
-1
69
-1
69
-1
0.910481674393
0.0317599458973
0.316068677761
0.903088283714
0.803856280984
0.907153766997
69
-1
69
-1
69
-1
69
-1
69
-1
69
-1
69
-1
69
-1
69
-1
69
-1
69
-1
69
-1
69
-1
69
-1
69
-1
69
-1
0.840718522247
0.746184885405
0.6895951793
0.178154865644
0.432638000976
0.157896943752
-2
303
-2
156
69
-1
69
-1
69
-1
69
-1
69
-1
69
-1
69
-1
69
-1
69
-1
69
-1
69
-1
69
-1
69
-1
69
-1
0.714824451969
0.667778739686
0.252586407794
0.0644141933477
0.963385883322
0.808252628372
69
-1
69
-1
69
-1
69
-1
69
-1
69
-1
69
-1
69
-1
69
-1
69
-1
69
-1
69
-1
69
-1
69
-1
69
-1
69
-1
0.549269931393
0.541377651985
0.851292666331
0.453309677622
0.395710444721
0.338669144895
69
-1
69
-1
69
-1
69
-1
69
-1
69
-1
69
-1
69
-1
69
-1
69
-1
69
-1
69
-1
69
-1
69
-1
69
-1
69
-1
0.354943443686
0.138284113955
0.125129015285
0.259112968916
0.828934380985
0.397797313065
69
-1
69
-1
69
-1
69
-1
69
-1
69
-1
69
-1
69
-1
69
-1
69
-1
69
-1
69
-1
69
-1
69
-1
69
-1
69
-1
0.401082151921
0.612444922993
0.233529653296
0.00747717304213
0.528701739887
0.500899619557
69
-1
69
-1
69
-1
69
-1
69
-1
69
-1
69
-1
69
-1
69
-1
69
-1
69
-1
69
-1
69
-1
69
-1
69
-1
69
-1
0.648839592341
0.438316955642
0.686513130658
0.731421949161
0.238374675162
0.495072250716
-2
189
69
-1
69
-1
69
-1
69
-1
69
-1
69
-1
69
-1
69
-1
69
-1
69
-1
69
-1
69
-1
69
-1
69
-1
69
-1
0.478826887582
0.225062085039
0.412246132917
0.560407434488
0.906939504506
0.917706583838
-1
243
-1
388
-1
311
-1
184
-1
210
-1
105
-1
69
69
-1
69
-1
69
-1
69
-1
69
-1
69
-1
69
-1
69
-1
69
-1
0.275225363466
0.646415175643
0.0481973433614
0.0715513882279
0.5116917092
0.877424078946
69
-1
69
-1
69
-1
69
-1
69
-1
69
-1
69
-1
69
-1
69
-1
69
-1
69
-1
69
-1
69
-1
69
-1
69
-1
69
-1
0.371614330748
0.701282662908
0.736418116575
0.594577804841
0.856277138913
0.896604371116
-2
395
69
-1
69
-1
69
-1
69
-1
69
-1
69
-1
69
-1
69
-1
69
-1
69
-1
69
-1
69
-1
69
-1
69
-1
69
-1
0.960078816965
0.571232694218
0.176275895206
0.250595408877
0.217618688507
0.569517349598
69
-1
69
-1
69
-1
69
-1
69
-1
69
-1
69
-1
69
-1
69
-1
69
-1
69
-1
69
-1
69
-1
69
-1
69
-1
69
-1
0.757750114666
0.0521332211422
0.681636455607
0.717153263368
0.347981507957
0.515055804293
69
-1
69
-1
69
-1
69
-1
69
-1
69
-1
69
-1
69
-1
69
-1
69
-1
69
-1
69
-1
69
-1
69
-1
69
-1
69
-1
0.267526244647
0.912862890092
0.959438837877
0.139126159021
0.775757250316
0.841930858544
69
-1
69
-1
69
-1
69
-1
69
-1
69
-1
69
-1
69
-1
69
-1
69
-1
69
-1
69
-1
69
-1
69
-1
69
-1
69
-1
0.659717356314
0.700407766417
0.445058732115
0.924307802625
0.971207528196
0.38235331282
69
-1
69
-1
69
-1
69
-1
69
-1
69
-1
69
-1
69
-1
69
-1
69
-1
69
-1
69
-1
69
-1
69
-1
69
-1
69
-1
0.8027115308
0.432921591381
0.164754218683
0.325467276857
0.126330074835
0.908884759903
69
-1
69
-1
69
-1
69
-1
69
-1
69
-1
69
-1
69
-1
69
-1
69
-1
69
-1
69
-1
69
-1
69
-1
69
-1
69
-1
0.959424080044
0.119186732406
0.600679081187
0.408224097709
0.118090031002
0.295475514812
69
-1
69
-1
69
-1
69
-1
69
-1
69
-1
69
-1
69
-1
69
-1
69
-1
69
-1
69
-1
69
-1
69
-1
69
-1
69
-1
0.627526588537
0.605627538579
0.835332350883
0.206605815685
0.284781613562
0.542339430753
-1
380
-1
376
-1
359
-1
132
-1
291
-1
234
-1
312
-1
253
-1
386
-1
365
-2
117
69
-1
69
-1
69
-1
69
-1
69
-1
0.273225697213
0.585738083403
0.25088222945
0.683527152586
0.791090718368
0.808654620164
69
-1
69
-1
69
-1
69
-1
69
-1
69
-1
69
-1
69
-1
69
-1
69
-1
69
-1
69
-1
69
-1
69
-1
69
-1
69
-1
0.97361610955
0.545377003826
0.490809279829
0.855697699799
0.769067385859
0.570544629387
69
-1
69
-1
69
-1
69
-1
69
-1
69
-1
69
-1
69
-1
69
-1
69
-1
69
-1
69
-1
69
-1
69
-1
69
-1
69
-1
0.383256384766
0.284047445734
0.108139208734
0.807549089373
0.118071530531
0.747265234688
69
-1
69
-1
69
-1
69
-1
69
-1
69
-1
69
-1
69
-1
69
-1
69
-1
69
-1
69
-1
69
-1
69
-1
69
-1
69
-1
0.572578287165
0.311251457312
0.503032488206
0.356818763603
0.528393971351
0.00084471794889
-2
261
-2
99
69
-1
69
-1
69
-1
69
-1
69
-1
69
-1
69
-1
69
-1
69
-1
69
-1
69
-1
69
-1
69
-1
69
-1
0.442314332112
0.449552143739
0.304799188221
0.399402747597
0.783087311172
0.683412883963
69
-1
69
-1
69
-1
69
-1
69
-1
69
-1
69
-1
69
-1
69
-1
69
-1
69
-1
69
-1
69
-1
69
-1
69
-1
69
-1
0.492299132892
0.647668241842
0.377558211851
0.203914050437
0.00387565787756
0.277621251609
-2
345
69
-1
69
-1
69
-1
69
-1
69
-1
69
-1
69
-1
69
-1
69
-1
69
-1
69
-1
69
-1
69
-1
69
-1
69
-1
0.598164198714
0.881662933071
0.829421249989
0.510960207871
0.987018145049
0.46158097387
69
-1
69
-1
69
-1
69
-1
69
-1
69
-1
69
-1
69
-1
69
-1
69
-1
69
-1
69
-1
69
-1
69
-1
69
-1
69
-1
0.834593486167
0.408965341281
0.744630617739
0.987591691223
0.305336592368
0.170312825213
-2
292
69
-1
69
-1
69
-1
69
-1
69
-1
69
-1
69
-1
69
-1
69
-1
69
-1
69
-1
69
-1
69
-1
69
-1
69
-1
0.405252071738
0.861245308978
0.584428027082
0.733830792453
0.897909171637
0.748773463575
69
-1
69
-1
69
-1
69
-1
69
-1
69
-1
69
-1
69
-1
69
-1
69
-1
69
-1
69
-1
69
-1
69
-1
69
-1
69
-1
0.492702051905
0.745768340287
0.640355400495
0.648745434663
0.629675358689
0.406998974988
69
-1
69
-1
69
-1
69
-1
69
-1
69
-1
69
-1
69
-1
69
-1
69
-1
69
-1
69
-1
69
-1
69
-1
69
-1
69
-1
0.629262031288
0.633732510946
0.937117959539
0.782473685371
0.846268066601
0.767499790143
-2
121
69
-1
69
-1
69
-1
69
-1
69
-1
69
-1
69
-1
69
-1
69
-1
69
-1
69
-1
69
-1
69
-1
69
-1
69
-1
0.815325861991
0.60546239473
0.349450088387
0.264583258318
0.708020027065
0.873942074813
69
-1
69
-1
69
-1
69
-1
69
-1
69
-1
69
-1
69
-1
69
-1
69
-1
69
-1
69
-1
69
-1
69
-1
69
-1
69
-1
0.544246757803
0.152069966958
0.832975285197
0.484543078911
0.467102628278
0.0453880598457
-2
220
69
-1
69
-1
69
-1
69
-1
69
-1
69
-1
69
-1
69
-1
69
-1
69
-1
69
-1
69
-1
69
-1
69
-1
69
-1
0.51028092279
0.744747665455
0.422597811146
0.355177313589
0.656843538899
0.0197413873981
69
-1
69
-1
69
-1
69
-1
69
-1
69
-1
69
-1
69
-1
69
-1
69
-1
69
-1
69
-1
69
-1
69
-1
69
-1
69
-1
0.507163596975
0.946127095533
0.690447591938
0.401923728257
0.688908236293
0.604993919316
69
-1
69
-1
69
-1
69
-1
69
-1
69
-1
69
-1
69
-1
69
-1
69
-1
69
-1
69
-1
69
-1
69
-1
69
-1
69
-1
0.208889391483
0.20770833073
0.886025289699
0.269069210206
0.0748847775101
0.830677590596
-1
402
69
-1
69
-1
69
-1
69
-1
69
-1
69
-1
69
-1
69
-1
69
-1
69
-1
69
-1
69
-1
69
-1
69
-1
69
-1
0.523197767576
0.368208165973
0.511518922133
0.736725688351
0.168553607888
0.653066998237
69
-1
69
-1
69
-1
69
-1
69
-1
69
-1
69
-1
69
-1
69
-1
69
-1
69
-1
69
-1
69
-1
69
-1
69
-1
69
-1
0.7134369984
0.815003443928
0.269760633676
0.609666330664
0.232113878373
0.56104467362
-2
167
69
-1
69
-1
69
-1
69
-1
69
-1
69
-1
69
-1
69
-1
69
-1
69
-1
69
-1
69
-1
69
-1
69
-1
69
-1
0.706690313252
0.843792622245
0.0305344749374
0.899393311653
0.622452060898
0.316529154241
69
-1
69
-1
69
-1
69
-1
69
-1
69
-1
69
-1
69
-1
69
-1
69
-1
69
-1
69
-1
69
-1
69
-1
69
-1
69
-1
0.973049831235
0.443576556306
0.913145005203
0.728247844787
0.606259904396
0.261984031345
-2
373
69
-1
69
-1
69
-1
69
-1
69
-1
69
-1
69
-1
69
-1
69
-1
69
-1
69
-1
69
-1
69
-1
69
-1
69
-1
0.526592322905
0.138619741637
0.138097993239
0.715749766236
0.361089768333
0.751376311487
69
-1
69
-1
69
-1
69
-1
69
-1
69
-1
69
-1
69
-1
69
-1
69
-1
69
-1
69
-1
69
-1
69
-1
69
-1
69
-1
0.240493603914
0.718158142315
0.718476926397
0.305495881053
0.10638543388
0.397007855187
69
-1
69
-1
69
-1
69
-1
69
-1
69
-1
69
-1
69
-1
69
-1
69
-1
69
-1
69
-1
69
-1
69
-1
69
-1
69
-1
0.492361500327
0.0999742146978
0.186761260368
0.0553430528155
0.597513571555
0.888876123372
-1
343
-2
347
69
-1
69
-1
69
-1
69
-1
69
-1
69
-1
69
-1
69
-1
69
-1
69
-1
69
-1
69
-1
69
-1
69
-1
0.21655779096
0.0347134358768
0.703923594419
0.81491055879
0.964121586734
0.613178956824
69
-1
69
-1
69
-1
69
-1
69
-1
69
-1
69
-1
69
-1
69
-1
69
-1
69
-1
69
-1
69
-1
69
-1
69
-1
69
-1
0.495022881402
0.377894273032
0.168597578804
0.231717312602
0.8201499975
0.462575804792
69
-1
69
-1
69
-1
69
-1
69
-1
69
-1
69
-1
69
-1
69
-1
69
-1
69
-1
69
-1
69
-1
69
-1
69
-1
69
-1
0.579932744724
0.211907017616
0.714935058787
0.330117259147
0.593618587486
0.909487062796
-1
290
-1
381
-1
332
-1
137
-1
404
-1
170
69
-1
69
-1
69
-1
69
-1
69
-1
69
-1
69
-1
69
-1
69
-1
69
-1
0.994393408886
0.0462179483131
0.797442711929
0.857587825361
0.319574437207
0.383147625982
69
-1
69
-1
69
-1
69
-1
69
-1
69
-1
69
-1
69
-1
69
-1
69
-1
69
-1
69
-1
69
-1
69
-1
69
-1
69
-1
0.580253759676
0.918840230971
0.399928593338
0.880030168773
0.758560528204
0.152273079706
69
-1
69
-1
69
-1
69
-1
69
-1
69
-1
69
-1
69
-1
69
-1
69
-1
69
-1
69
-1
69
-1
69
-1
69
-1
69
-1
0.913679920364
0.01518105259
0.145178250047
0.664811212887
0.0571196866389
0.379489885674
69
-1
69
-1
69
-1
69
-1
69
-1
69
-1
69
-1
69
-1
69
-1
69
-1
69
-1
69
-1
69
-1
69
-1
69
-1
69
-1
0.637513012665
0.74461426794
0.686771376559
0.845622771918
0.663016188499
0.389701927675
69
-1
69
-1
69
-1
69
-1
69
-1
69
-1
69
-1
69
-1
69
-1
69
-1
69
-1
69
-1
69
-1
69
-1
69
-1
69
-1
0.590495498294
0.34961474261
0.605352749661
0.560257596063
0.522171772787
0.0608046420295
69
-1
69
-1
69
-1
69
-1
69
-1
69
-1
69
-1
69
-1
69
-1
69
-1
69
-1
69
-1
69
-1
69
-1
69
-1
69
-1
0.353227552376
0.41265002294
0.199368340609
0.880105231229
0.424119777381
0.662385665402
-1
135
-1
111
-1
326
-1
335
-1
190
-1
145
-1
299
-1
233
-1
196
69
-1
69
-1
69
-1
69
-1
69
-1
69
-1
69
-1
0.713546449446
0.743283060273
0.721115290913
0.752208501639
0.251580694151
0.976403676693
69
-1
69
-1
69
-1
69
-1
69
-1
69
-1
69
-1
69
-1
69
-1
69
-1
69
-1
69
-1
69
-1
69
-1
69
-1
69
-1
0.813055802232
0.469166826465
0.370253191138
0.984687472229
0.0401179352896
0.531465053806
-1
179
69
-1
69
-1
69
-1
69
-1
69
-1
69
-1
69
-1
69
-1
69
-1
69
-1
69
-1
69
-1
69
-1
69
-1
69
-1
0.443349776151
0.128203123029
0.395188262786
0.707647404811
0.882315609202
0.0246197114633
69
-1
69
-1
69
-1
69
-1
69
-1
69
-1
69
-1
69
-1
69
-1
69
-1
69
-1
69
-1
69
-1
69
-1
69
-1
69
-1
0.524509558603
0.0903765950353
0.800393457155
0.0857852794367
0.0341933210171
0.384236202077
-1
351
-1
201
-1
235
-1
276
69
-1
69
-1
69
-1
69
-1
69
-1
69
-1
69
-1
69
-1
69
-1
69
-1
69
-1
69
-1
0.732606174506
0.313206693047
0.130004899653
0.794572222085
0.806919381895
0.855859798773
69
-1
69
-1
69
-1
69
-1
69
-1
69
-1
69
-1
69
-1
69
-1
69
-1
69
-1
69
-1
69
-1
69
-1
69
-1
69
-1
0.303744473264
0.424830361019
0.245389994254
0.557177493017
0.33010716679
0.338663335959
69
-1
69
-1
69
-1
69
-1
69
-1
69
-1
69
-1
69
-1
69
-1
69
-1
69
-1
69
-1
69
-1
69
-1
69
-1
69
-1
0.78362141841
0.95629616004
0.584140319237
0.10468793012
0.652574932685
0.448611717848
-1
138
-1
354
-1
346
69
-1
69
-1
69
-1
69
-1
69
-1
69
-1
69
-1
69
-1
69
-1
69
-1
69
-1
69
-1
69
-1
0.988030557026
0.719381495148
0.834786106507
0.701286260188
0.535619005786
0.896818391828
-1
400
-1
173
-1
129
69
-1
69
-1
69
-1
69
-1
69
-1
69
-1
69
-1
69
-1
69
-1
69
-1
69
-1
69
-1
69
-1
0.831617064708
0.291325887614
0.15703189522
0.370351868788
0.521077672573
0.0973800898306
69
-1
69
-1
69
-1
69
-1
69
-1
69
-1
69
-1
69
-1
69
-1
69
-1
69
-1
69
-1
69
-1
69
-1
69
-1
69
-1
0.345379286456
0.574905664212
0.0435746185519
0.814948676519
0.651117045683
0.31365017159
69
-1
69
-1
69
-1
69
-1
69
-1
69
-1
69
-1
69
-1
69
-1
69
-1
69
-1
69
-1
69
-1
69
-1
69
-1
69
-1
0.298320981255
0.352616140788
0.325288696205
0.748513776959
0.501056857471
0.5261283973
69
-1
69
-1
69
-1
69
-1
69
-1
69
-1
69
-1
69
-1
69
-1
69
-1
69
-1
69
-1
69
-1
69
-1
69
-1
69
-1
0.148756498971
0.914418002418
0.325572928672
0.327564452388
0.0688461396978
0.979411581752
69
-1
69
-1
69
-1
69
-1
69
-1
69
-1
69
-1
69
-1
69
-1
69
-1
69
-1
69
-1
69
-1
69
-1
69
-1
69
-1
0.479697841809
0.912884737284
0.927617242497
0.969752143178
0.815629287732
0.925443225191
69
-1
69
-1
69
-1
69
-1
69
-1
69
-1
69
-1
69
-1
69
-1
69
-1
69
-1
69
-1
69
-1
69
-1
69
-1
69
-1
0.92228932365
0.801367678166
0.134581216043
0.523711722286
0.575604013004
0.992497527986
69
-1
69
-1
69
-1
69
-1
69
-1
69
-1
69
-1
69
-1
69
-1
69
-1
69
-1
69
-1
69
-1
69
-1
69
-1
69
-1
0.783948549966
0.702916216655
0.746649036844
0.361577764083
0.94231355784
0.643500889615
69
-1
69
-1
69
-1
69
-1
69
-1
69
-1
69
-1
69
-1
69
-1
69
-1
69
-1
69
-1
69
-1
69
-1
69
-1
69
-1
0.40257460853
0.464571577298
0.979754927311
0.532128397432
0.167797535874
0.148354994134
69
-1
69
-1
69
-1
69
-1
69
-1
69
-1
69
-1
69
-1
69
-1
69
-1
69
-1
69
-1
69
-1
69
-1
69
-1
69
-1
0.687242196658
0.562775530915
0.906806261188
0.184600344049
0.411108813727
0.727960218636
69
-1
69
-1
69
-1
69
-1
69
-1
69
-1
69
-1
69
-1
69
-1
69
-1
69
-1
69
-1
69
-1
69
-1
69
-1
69
-1
0.632141087735
0.526377436824
0.0784967605408
0.0728114455507
0.850626991819
0.643238960492
69
-1
69
-1
69
-1
69
-1
69
-1
69
-1
69
-1
69
-1
69
-1
69
-1
69
-1
69
-1
69
-1
69
-1
69
-1
69
-1
0.173367258247
0.861834067345
0.021849383342
0.368104792386
0.84762973701
0.710278412755
-1
256
-1
327
-1
385
-1
252
-1
407
69
-1
69
-1
69
-1
69
-1
69
-1
69
-1
69
-1
69
-1
69
-1
69
-1
69
-1
0.283752405792
0.891281494501
0.598078001243
0.865493319175
0.892793374026
0.425444077344
69
-1
69
-1
69
-1
69
-1
69
-1
69
-1
69
-1
69
-1
69
-1
69
-1
69
-1
69
-1
69
-1
69
-1
69
-1
69
-1
0.675600337738
0.544476314728
0.944735237873
0.798160742835
0.725818500464
0.814032374626
69
-1
69
-1
69
-1
69
-1
69
-1
69
-1
69
-1
69
-1
69
-1
69
-1
69
-1
69
-1
69
-1
69
-1
69
-1
69
-1
0.998159952285
0.256561185474
0.201363630655
0.74678281346
0.770332510626
0.514283797712
69
-1
69
-1
69
-1
69
-1
69
-1
69
-1
69
-1
69
-1
69
-1
69
-1
69
-1
69
-1
69
-1
69
-1
69
-1
69
-1
0.85114159426
0.458453677642
0.189760528211
0.299354275286
0.69133447589
0.00550707832554
-1
279
-1
215
-1
377
-1
338
69
-1
69
-1
69
-1
69
-1
69
-1
69
-1
69
-1
69
-1
69
-1
69
-1
69
-1
69
-1
0.12004464732
0.302653636876
0.887191355183
0.746860439446
0.97079172564
0.54302873943
69
-1
69
-1
69
-1
69
-1
69
-1
69
-1
69
-1
69
-1
69
-1
69
-1
69
-1
69
-1
69
-1
69
-1
69
-1
69
-1
0.571968227579
0.551376806814
0.525627213802
0.542040571121
0.818567551127
0.953368734701
69
-1
69
-1
69
-1
69
-1
69
-1
69
-1
69
-1
69
-1
69
-1
69
-1
69
-1
69
-1
69
-1
69
-1
69
-1
69
-1
0.40830076935
0.629965242602
0.307759407554
0.301910386465
0.506317350598
0.586267658624
-2
271
69
-1
69
-1
69
-1
69
-1
69
-1
69
-1
69
-1
69
-1
69
-1
69
-1
69
-1
69
-1
69
-1
69
-1
69
-1
0.549994466994
0.976579703201
0.162971237695
0.636664412987
0.994531008781
0.736135286551
-2
340
69
-1
69
-1
69
-1
69
-1
69
-1
69
-1
69
-1
69
-1
69
-1
69
-1
69
-1
69
-1
69
-1
69
-1
69
-1
0.565908514233
0.3683631526
0.402138883483
0.936523092233
0.895330449574
0.669676289099
-2
166
69
-1
69
-1
69
-1
69
-1
69
-1
69
-1
69
-1
69
-1
69
-1
69
-1
69
-1
69
-1
69
-1
69
-1
69
-1
0.898747891862
0.925163649693
0.846343569493
0.383416192747
0.464364642441
0.795907503229
69
-1
69
-1
69
-1
69
-1
69
-1
69
-1
69
-1
69
-1
69
-1
69
-1
69
-1
69
-1
69
-1
69
-1
69
-1
69
-1
0.372633029788
0.749363808723
0.481420381134
0.336541305396
0.45614828768
0.116509456066
69
-1
69
-1
69
-1
69
-1
69
-1
69
-1
69
-1
69
-1
69
-1
69
-1
69
-1
69
-1
69
-1
69
-1
69
-1
69
-1
0.354496755784
0.415194430562
0.0181635766849
0.17207397382
0.260233047364
0.857884028011
-2
266
69
-1
69
-1
69
-1
69
-1
69
-1
69
-1
69
-1
69
-1
69
-1
69
-1
69
-1
69
-1
69
-1
69
-1
69
-1
0.589577136831
0.287144906444
0.997726696826
0.25792060002
0.513788337166
0.739519785499
69
-1
69
-1
69
-1
69
-1
69
-1
69
-1
69
-1
69
-1
69
-1
69
-1
69
-1
69
-1
69
-1
69
-1
69
-1
69
-1
0.69132054056
0.433502684056
0.776997692242
0.485794106241
0.715465067548
0.491376541178
-1
294
-1
224
-1
287
-1
286
-1
153
-1
154
-1
208
69
-1
69
-1
69
-1
69
-1
69
-1
69
-1
69
-1
69
-1
69
-1
0.971494685128
0.716179940292
0.0913772364292
0.129470126377
0.966514797133
0.229228375332
69
-1
69
-1
69
-1
69
-1
69
-1
69
-1
69
-1
69
-1
69
-1
69
-1
69
-1
69
-1
69
-1
69
-1
69
-1
69
-1
0.0261360489075
0.253223748175
0.47978705745
0.952168562255
0.399129902196
0.723505587782
69
-1
69
-1
69
-1
69
-1
69
-1
69
-1
69
-1
69
-1
69
-1
69
-1
69
-1
69
-1
69
-1
69
-1
69
-1
69
-1
0.83436252179
0.0891620176113
0.611891954801
0.995784357569
0.549595968561
0.534486177727
69
-1
69
-1
69
-1
69
-1
69
-1
69
-1
69
-1
69
-1
69
-1
69
-1
69
-1
69
-1
69
-1
69
-1
69
-1
69
-1
0.671646160939
0.118646636569
0.265334290896
0.278753378831
0.479712939301
0.793282834471
69
-1
69
-1
69
-1
69
-1
69
-1
69
-1
69
-1
69
-1
69
-1
69
-1
69
-1
69
-1
69
-1
69
-1
69
-1
69
-1
0.857847512124
0.786423640059
0.67680683467
0.0871927579224
0.389717073171
0.668701622242
-2
308
69
-1
69
-1
69
-1
69
-1
69
-1
69
-1
69
-1
69
-1
69
-1
69
-1
69
-1
69
-1
69
-1
69
-1
69
-1
0.992064696079
0.288592561103
0.492476542545
0.895005150215
0.544795676418
0.214624939775
-2
364
69
-1
69
-1
69
-1
69
-1
69
-1
69
-1
69
-1
69
-1
69
-1
69
-1
69
-1
69
-1
69
-1
69
-1
69
-1
0.759662312445
0.33708929912
0.4859743722
0.00856190739405
0.988967044125
0.657282362483
69
-1
69
-1
69
-1
69
-1
69
-1
69
-1
69
-1
69
-1
69
-1
69
-1
69
-1
69
-1
69
-1
69
-1
69
-1
69
-1
0.925812847057
0.968685282087
0.267533682707
0.540535976182
0.440251233428
0.759855217518
-1
161
-1
174
-1
182
-1
356
-1
200
-1
398
69
-1
69
-1
69
-1
69
-1
69
-1
69
-1
69
-1
69
-1
69
-1
69
-1
0.842385665333
0.228560160905
0.2745646631
0.706261547255
0.411643051716
0.130201535346
69
-1
69
-1
69
-1
69
-1
69
-1
69
-1
69
-1
69
-1
69
-1
69
-1
69
-1
69
-1
69
-1
69
-1
69
-1
69
-1
0.195310588239
0.560849313662
0.598494447049
0.960071571607
0.53277995314
0.608980763773
69
-1
69
-1
69
-1
69
-1
69
-1
69
-1
69
-1
69
-1
69
-1
69
-1
69
-1
69
-1
69
-1
69
-1
69
-1
69
-1
0.148854754462
0.413801917956
0.279791291655
0.695422837926
0.267057251121
0.21440031006
-2
324
-2
268
69
-1
69
-1
69
-1
69
-1
69
-1
69
-1
69
-1
69
-1
69
-1
69
-1
69
-1
69
-1
69
-1
69
-1
0.367684398584
0.470549056244
0.338394971014
0.60573215603
0.181203668857
0.879910294567
69
-1
69
-1
69
-1
69
-1
69
-1
69
-1
69
-1
69
-1
69
-1
69
-1
69
-1
69
-1
69
-1
69
-1
69
-1
69
-1
0.694171364986
0.534763218086
0.0581622757312
0.326006639961
0.690107368939
0.645064277659
69
-1
69
-1
69
-1
69
-1
69
-1
69
-1
69
-1
69
-1
69
-1
69
-1
69
-1
69
-1
69
-1
69
-1
69
-1
69
-1
0.811954177833
0.89150854359
0.315366369654
0.493730682734
0.330041610587
0.127922265882
69
-1
69
-1
69
-1
69
-1
69
-1
69
-1
69
-1
69
-1
69
-1
69
-1
69
-1
69
-1
69
-1
69
-1
69
-1
69
-1
0.140117091673
0.256469445117
0.0880287634973
0.53882553301
0.702922441438
0.563072593302
69
-1
69
-1
69
-1
69
-1
69
-1
69
-1
69
-1
69
-1
69
-1
69
-1
69
-1
69
-1
69
-1
69
-1
69
-1
69
-1
0.684766747923
0.226248007739
0.19940434771
0.567574848681
0.884285593836
0.422264548597
-2
368
69
-1
69
-1
69
-1
69
-1
69
-1
69
-1
69
-1
69
-1
69
-1
69
-1
69
-1
69
-1
69
-1
69
-1
69
-1
0.00423664431117
0.0200516046712
0.305304593013
0.615374231489
0.0845654364158
0.22451034397
69
-1
69
-1
69
-1
69
-1
69
-1
69
-1
69
-1
69
-1
69
-1
69
-1
69
-1
69
-1
69
-1
69
-1
69
-1
69
-1
0.680690553975
0.984991944292
0.341072807231
0.601138984552
0.518429833496
0.023124777687
69
-1
69
-1
69
-1
69
-1
69
-1
69
-1
69
-1
69
-1
69
-1
69
-1
69
-1
69
-1
69
-1
69
-1
69
-1
69
-1
0.329834411644
0.139441178094
0.250821679075
0.769980983014
0.681202579841
0.0410229291543
69
-1
69
-1
69
-1
69
-1
69
-1
69
-1
69
-1
69
-1
69
-1
69
-1
69
-1
69
-1
69
-1
69
-1
69
-1
69
-1
0.679644184774
0.273633189559
0.515238016011
0.321827687017
0.948670909645
0.352362520422
69
-1
69
-1
69
-1
69
-1
69
-1
69
-1
69
-1
69
-1
69
-1
69
-1
69
-1
69
-1
69
-1
69
-1
69
-1
69
-1
0.803562803499
0.641192963154
0.843325578614
0.606160371954
0.870384985738
0.405162983321
69
-1
69
-1
69
-1
69
-1
69
-1
69
-1
69
-1
69
-1
69
-1
69
-1
69
-1
69
-1
69
-1
69
-1
69
-1
69
-1
0.679002691631
0.620637161474
0.527733709481
0.564439977845
0.53576198171
0.393770719328
69
-1
69
-1
69
-1
69
-1
69
-1
69
-1
69
-1
69
-1
69
-1
69
-1
69
-1
69
-1
69
-1
69
-1
69
-1
69
-1
0.89831938758
0.63272940593
0.549123072126
0.0539390563972
0.508528114184
0.175146723096
69
-1
69
-1
69
-1
69
-1
69
-1
69
-1
69
-1
69
-1
69
-1
69
-1
69
-1
69
-1
69
-1
69
-1
69
-1
69
-1
0.21502321882
0.434612268764
0.545956820398
0.25041213288
0.27093438018
0.530146339996
69
-1
69
-1
69
-1
69
-1
69
-1
69
-1
69
-1
69
-1
69
-1
69
-1
69
-1
69
-1
69
-1
69
-1
69
-1
69
-1
0.473234073267
0.403287483073
0.103753520138
0.373477653184
0.654421262275
0.54419894042
69
-1
69
-1
69
-1
69
-1
69
-1
69
-1
69
-1
69
-1
69
-1
69
-1
69
-1
69
-1
69
-1
69
-1
69
-1
69
-1
0.544752713706
0.843818111751
0.723163049723
0.684589241302
0.0304136620391
0.308127957921
69
-1
69
-1
69
-1
69
-1
69
-1
69
-1
69
-1
69
-1
69
-1
69
-1
69
-1
69
-1
69
-1
69
-1
69
-1
69
-1
0.68241231987
0.155772775966
0.913473044181
0.141926539515
0.879121443829
0.216268356771
-1
283
-1
302
-1
372
-1
337
-1
188
-1
282
69
-1
69
-1
69
-1
69
-1
69
-1
69
-1
69
-1
69
-1
69
-1
69
-1
0.841589754827
0.848229682202
0.335464711227
0.888592372033
0.159767792788
0.849109514021
-2
194
69
-1
69
-1
69
-1
69
-1
69
-1
69
-1
69
-1
69
-1
69
-1
69
-1
69
-1
69
-1
69
-1
69
-1
69
-1
0.381734548756
0.439717601282
0.117859780615
0.601005264708
0.26975582015
0.666879301421
69
-1
69
-1
69
-1
69
-1
69
-1
69
-1
69
-1
69
-1
69
-1
69
-1
69
-1
69
-1
69
-1
69
-1
69
-1
69
-1
0.799387944034
0.603684022673
0.00818480951547
0.952335238529
0.919681167716
0.642935321723
69
-1
69
-1
69
-1
69
-1
69
-1
69
-1
69
-1
69
-1
69
-1
69
-1
69
-1
69
-1
69
-1
69
-1
69
-1
69
-1
0.379506347679
0.561913765537
0.88281206862
0.459528804052
0.779218244791
0.598558900351
69
-1
69
-1
69
-1
69
-1
69
-1
69
-1
69
-1
69
-1
69
-1
69
-1
69
-1
69
-1
69
-1
69
-1
69
-1
69
-1
0.422279225857
0.933526555971
0.408430907176
0.605779122278
0.0532742895125
0.470763867938
-2
269
69
-1
69
-1
69
-1
69
-1
69
-1
69
-1
69
-1
69
-1
69
-1
69
-1
69
-1
69
-1
69
-1
69
-1
69
-1
0.508078364754
0.356288399928
0.270903310053
0.98362360573
0.908999919657
0.65486233947
69
-1
69
-1
69
-1
69
-1
69
-1
69
-1
69
-1
69
-1
69
-1
69
-1
69
-1
69
-1
69
-1
69
-1
69
-1
69
-1
0.802086967781
0.819708367418
0.245173438844
0.808286060555
0.239811622393
0.562356561064
69
-1
69
-1
69
-1
69
-1
69
-1
69
-1
69
-1
69
-1
69
-1
69
-1
69
-1
69
-1
69
-1
69
-1
69
-1
69
-1
0.357717006445
0.158659198257
0.776854433422
0.916341667653
0.313698555696
0.879762535745
69
-1
69
-1
69
-1
69
-1
69
-1
69
-1
69
-1
69
-1
69
-1
69
-1
69
-1
69
-1
69
-1
69
-1
69
-1
69
-1
0.346256094079
0.657555361284
0.995789594191
0.772070735064
0.0556672112417
0.434872667603
69
-1
69
-1
69
-1
69
-1
69
-1
69
-1
69
-1
69
-1
69
-1
69
-1
69
-1
69
-1
69
-1
69
-1
69
-1
69
-1
0.376303258231
0.293931795313
0.816135550598
0.441020196663
0.699240298853
0.63493113674
69
-1
69
-1
69
-1
69
-1
69
-1
69
-1
69
-1
69
-1
69
-1
69
-1
69
-1
69
-1
69
-1
69
-1
69
-1
69
-1
0.518995785299
0.0560312222056
0.67303524996
0.891383085497
0.172199432127
0.642744419172
69
-1
69
-1
69
-1
69
-1
69
-1
69
-1
69
-1
69
-1
69
-1
69
-1
69
-1
69
-1
69
-1
69
-1
69
-1
69
-1
0.487439348507
0.340984581094
0.710426718902
0.975198966136
0.0216646826286
0.897305758366
-1
374
69
-1
69
-1
69
-1
69
-1
69
-1
69
-1
69
-1
69
-1
69
-1
69
-1
69
-1
69
-1
69
-1
69
-1
69
-1
0.969908679493
0.656615504959
0.784523760355
0.461305430107
0.471166971099
0.492625144507
69
-1
69
-1
69
-1
69
-1
69
-1
69
-1
69
-1
69
-1
69
-1
69
-1
69
-1
69
-1
69
-1
69
-1
69
-1
69
-1
0.773155291849
0.723249807483
0.193768102169
0.440604391686
0.54202392042
0.571428645315
69
-1
69
-1
69
-1
69
-1
69
-1
69
-1
69
-1
69
-1
69
-1
69
-1
69
-1
69
-1
69
-1
69
-1
69
-1
69
-1
0.0745859588783
0.182965535364
0.766077178545
0.667221423254
0.797870977334
0.288503415271
69
-1
69
-1
69
-1
69
-1
69
-1
69
-1
69
-1
69
-1
69
-1
69
-1
69
-1
69
-1
69
-1
69
-1
69
-1
69
-1
0.633798217063
0.7360745802
0.912650616678
0.537731794234
0.390792399583
0.00532401758524
69
-1
69
-1
69
-1
69
-1
69
-1
69
-1
69
-1
69
-1
69
-1
69
-1
69
-1
69
-1
69
-1
69
-1
69
-1
69
-1
0.77501968694
0.935429368599
0.960326091654
0.1756073786
0.585352748793
0.513118268675
69
-1
69
-1
69
-1
69
-1
69
-1
69
-1
69
-1
69
-1
69
-1
69
-1
69
-1
69
-1
69
-1
69
-1
69
-1
69
-1
0.427425177661
0.794400692288
0.935782384244
0.724624821471
0.70030586052
0.690614518612
69
-1
69
-1
69
-1
69
-1
69
-1
69
-1
69
-1
69
-1
69
-1
69
-1
69
-1
69
-1
69
-1
69
-1
69
-1
69
-1
0.653556704508
0.536753982881
0.247915703045
0.779477018602
0.119093437247
0.643888168397
-2
309
69
-1
69
-1
69
-1
69
-1
69
-1
69
-1
69
-1
69
-1
69
-1
69
-1
69
-1
69
-1
69
-1
69
-1
69
-1
0.386987314296
0.55996254157
0.641436344497
0.478923529722
0.978094112266
0.239193050395
69
-1
69
-1
69
-1
69
-1
69
-1
69
-1
69
-1
69
-1
69
-1
69
-1
69
-1
69
-1
69
-1
69
-1
69
-1
69
-1
0.0121683330897
0.955257988418
0.312007721263
0.278072578631
0.415559047212
0.594966732958
-2
207
69
-1
69
-1
69
-1
69
-1
69
-1
69
-1
69
-1
69
-1
69
-1
69
-1
69
-1
69
-1
69
-1
69
-1
69
-1
0.986114565743
0.707524685761
0.318320213039
0.534688276324
0.448685496987
0.501587113761
69
-1
69
-1
69
-1
69
-1
69
-1
69
-1
69
-1
69
-1
69
-1
69
-1
69
-1
69
-1
69
-1
69
-1
69
-1
69
-1
0.417608198179
0.167617862663
0.395484065254
0.389089098635
0.200719419832
0.816918673206
-1
186
-1
193
-1
348
-1
209
-1
216
-1
408
69
-1
69
-1
69
-1
69
-1
69
-1
69
-1
69
-1
69
-1
69
-1
69
-1
0.359990924062
0.151486391272
0.566874319907
0.844843411261
0.780561072536
0.622040264932
69
-1
69
-1
69
-1
69
-1
69
-1
69
-1
69
-1
69
-1
69
-1
69
-1
69
-1
69
-1
69
-1
69
-1
69
-1
69
-1
0.731038006846
0.336114577415
0.142711455066
0.255009660514
0.349353644135
0.279133771103
69
-1
69
-1
69
-1
69
-1
69
-1
69
-1
69
-1
69
-1
69
-1
69
-1
69
-1
69
-1
69
-1
69
-1
69
-1
69
-1
0.467761404913
0.149032331659
0.130261785975
0.252723866894
0.1965036919
0.80170062616
69
-1
69
-1
69
-1
69
-1
69
-1
69
-1
69
-1
69
-1
69
-1
69
-1
69
-1
69
-1
69
-1
69
-1
69
-1
69
-1
0.537556824225
0.198411222868
0.429217105479
0.871915565728
0.577612147772
0.553914252374
-2
375
69
-1
69
-1
69
-1
69
-1
69
-1
69
-1
69
-1
69
-1
69
-1
69
-1
69
-1
69
-1
69
-1
69
-1
69
-1
0.39131807321
0.195837438722
0.625405087581
0.077149407216
0.786189948524
0.0575248526801
69
-1
69
-1
69
-1
69
-1
69
-1
69
-1
69
-1
69
-1
69
-1
69
-1
69
-1
69
-1
69
-1
69
-1
69
-1
69
-1
0.746347311179
0.38262914432
0.68241143329
0.59100540427
0.129175675457
0.5385021012
69
-1
69
-1
69
-1
69
-1
69
-1
69
-1
69
-1
69
-1
69
-1
69
-1
69
-1
69
-1
69
-1
69
-1
69
-1
69
-1
0.356861514964
0.838597097831
0.2250993423
0.709330887674
0.347720365913
0.53536332616
69
-1
69
-1
69
-1
69
-1
69
-1
69
-1
69
-1
69
-1
69
-1
69
-1
69
-1
69
-1
69
-1
69
-1
69
-1
69
-1
0.0885833614639
0.827353218935
0.208835137676
0.463452749117
0.29029579312
0.810202953384
69
-1
69
-1
69
-1
69
-1
69
-1
69
-1
69
-1
69
-1
69
-1
69
-1
69
-1
69
-1
69
-1
69
-1
69
-1
69
-1
0.592594728642
0.615184935723
0.754748563793
0.254896563428
0.0582481701081
0.828555373708
69
-1
69
-1
69
-1
69
-1
69
-1
69
-1
69
-1
69
-1
69
-1
69
-1
69
-1
69
-1
69
-1
69
-1
69
-1
69
-1
0.633428123493
0.245899205988
0.207872029425
0.507721315301
0.121565847934
0.906020082427
-2
357
69
-1
69
-1
69
-1
69
-1
69
-1
69
-1
69
-1
69
-1
69
-1
69
-1
69
-1
69
-1
69
-1
69
-1
69
-1
0.707862192483
0.819282181168
0.383820523775
0.92319130538
0.133954769476
0.716250051397
69
-1
69
-1
69
-1
69
-1
69
-1
69
-1
69
-1
69
-1
69
-1
69
-1
69
-1
69
-1
69
-1
69
-1
69
-1
69
-1
0.254604024627
0.00363162694656
0.120891465311
0.201544046299
0.763345268091
0.378049959712
-2
390
69
-1
69
-1
69
-1
69
-1
69
-1
69
-1
69
-1
69
-1
69
-1
69
-1
69
-1
69
-1
69
-1
69
-1
69
-1
0.482030641623
0.613581830492
0.26766037224
0.638433584331
0.671571930279
0.921369154411
-2
333
69
-1
69
-1
69
-1
69
-1
69
-1
69
-1
69
-1
69
-1
69
-1
69
-1
69
-1
69
-1
69
-1
69
-1
69
-1
0.214337769106
0.822896582858
0.538659615981
0.92439462495
0.907973984208
0.0940275570535
69
-1
69
-1
69
-1
69
-1
69
-1
69
-1
69
-1
69
-1
69
-1
69
-1
69
-1
69
-1
69
-1
69
-1
69
-1
69
-1
0.67811681141
0.042658178854
0.422666570796
0.441774943387
0.956872732738
0.59531750159
69
-1
69
-1
69
-1
69
-1
69
-1
69
-1
69
-1
69
-1
69
-1
69
-1
69
-1
69
-1
69
-1
69
-1
69
-1
69
-1
0.190000607426
0.509747306889
0.521828885083
0.197074586397
0.359731351276
0.877494637564
69
-1
69
-1
69
-1
69
-1
69
-1
69
-1
69
-1
69
-1
69
-1
69
-1
69
-1
69
-1
69
-1
69
-1
69
-1
69
-1
0.981470925787
0.77686631668
0.0645015041607
0.905876674144
0.458459437223
0.834056039234
69
-1
69
-1
69
-1
69
-1
69
-1
69
-1
69
-1
69
-1
69
-1
69
-1
69
-1
69
-1
69
-1
69
-1
69
-1
69
-1
0.176779872859
0.147684647544
0.90666228487
0.285523440459
0.0430554269502
0.501048200316
69
-1
69
-1
69
-1
69
-1
69
-1
69
-1
69
-1
69
-1
69
-1
69
-1
69
-1
69
-1
69
-1
69
-1
69
-1
69
-1
0.990568458035
0.835498061519
0.396299638539
0.993073414266
0.796670194803
0.842065867576
69
-1
69
-1
69
-1
69
-1
69
-1
69
-1
69
-1
69
-1
69
-1
69
-1
69
-1
69
-1
69
-1
69
-1
69
-1
69
-1
0.646106953184
0.394381331413
0.905709738673
0.470629222401
0.934642166265
0.552191070822
-2
360
69
-1
69
-1
69
-1
69
-1
69
-1
69
-1
69
-1
69
-1
69
-1
69
-1
69
-1
69
-1
69
-1
69
-1
69
-1
0.909857465861
0.47715640081
0.426820787077
0.588682314373
0.317310465837
0.14939761606
69
-1
69
-1
69
-1
69
-1
69
-1
69
-1
69
-1
69
-1
69
-1
69
-1
69
-1
69
-1
69
-1
69
-1
69
-1
69
-1
0.589332443146
0.850962921954
0.277776249244
0.865021412128
0.787128961018
0.775675858267
69
-1
69
-1
69
-1
69
-1
69
-1
69
-1
69
-1
69
-1
69
-1
69
-1
69
-1
69
-1
69
-1
69
-1
69
-1
69
-1
0.415130186014
0.998756516873
0.79087823647
0.575648796422
0.113509968198
0.573815491271
-2
321
69
-1
69
-1
69
-1
69
-1
69
-1
69
-1
69
-1
69
-1
69
-1
69
-1
69
-1
69
-1
69
-1
69
-1
69
-1
0.0143812008271
0.902208688349
0.336697257555
0.368344863879
0.55088318165
0.637464026884
69
-1
69
-1
69
-1
69
-1
69
-1
69
-1
69
-1
69
-1
69
-1
69
-1
69
-1
69
-1
69
-1
69
-1
69
-1
69
-1
0.582727067725
0.484925217153
0.634355240194
0.847142260817
0.446209395934
0.500079377883
-2
322
69
-1
69
-1
69
-1
69
-1
69
-1
69
-1
69
-1
69
-1
69
-1
69
-1
69
-1
69
-1
69
-1
69
-1
69
-1
0.810346920372
0.00340606959607
0.160710498019
0.325029934651
0.213937387959
0.896009948702
-2
387
69
-1
69
-1
69
-1
69
-1
69
-1
69
-1
69
-1
69
-1
69
-1
69
-1
69
-1
69
-1
69
-1
69
-1
69
-1
0.148216222149
0.107886764437
0.317200965187
0.508640754378
0.821480858028
0.995651083748
69
-1
69
-1
69
-1
69
-1
69
-1
69
-1
69
-1
69
-1
69
-1
69
-1
69
-1
69
-1
69
-1
69
-1
69
-1
69
-1
0.851869681923
0.608837599818
0.0376019009273
0.0634644908275
0.630736077179
0.819882309365
69
-1
69
-1
69
-1
69
-1
69
-1
69
-1
69
-1
69
-1
69
-1
69
-1
69
-1
69
-1
69
-1
69
-1
69
-1
69
-1
0.265512404998
0.969219009556
0.550387302666
0.573771199478
0.618621916201
0.074914199923
-2
232
69
-1
69
-1
69
-1
69
-1
69
-1
69
-1
69
-1
69
-1
69
-1
69
-1
69
-1
69
-1
69
-1
69
-1
69
-1
0.170388139072
0.936192296091
0.267295214637
0.0832930440178
0.282428939274
0.726146181234
69
-1
69
-1
69
-1
69
-1
69
-1
69
-1
69
-1
69
-1
69
-1
69
-1
69
-1
69
-1
69
-1
69
-1
69
-1
69
-1
0.873509621701
0.975882419973
0.822016369877
0.0751254376077
0.315458568481
0.925785789609
-1
247
69
-1
69
-1
69
-1
69
-1
69
-1
69
-1
69
-1
69
-1
69
-1
69
-1
69
-1
69
-1
69
-1
69
-1
69
-1
0.859384399028
0.133253291512
0.442224344716
0.363942420476
0.747469663898
0.0287096425092
69
-1
69
-1
69
-1
69
-1
69
-1
69
-1
69
-1
69
-1
69
-1
69
-1
69
-1
69
-1
69
-1
69
-1
69
-1
69
-1
0.586723778443
0.122440499973
0.266596812444
0.196301652353
0.0552936670281
0.962383266211
69
-1
69
-1
69
-1
69
-1
69
-1
69
-1
69
-1
69
-1
69
-1
69
-1
69
-1
69
-1
69
-1
69
-1
69
-1
69
-1
0.334925375335
0.964015764106
0.723234015366
0.219769238871
0.932546679939
0.00935199867152
69
-1
69
-1
69
-1
69
-1
69
-1
69
-1
69
-1
69
-1
69
-1
69
-1
69
-1
69
-1
69
-1
69
-1
69
-1
69
-1
0.981654819017
0.0322643679707
0.253313346942
0.551957197784
0.00917776100404
0.76471181875
69
-1
69
-1
69
-1
69
-1
69
-1
69
-1
69
-1
69
-1
69
-1
69
-1
69
-1
69
-1
69
-1
69
-1
69
-1
69
-1
0.490484412803
0.371377977169
0.391980059031
0.653430477332
0.195241388636
0.181501233485
69
-1
69
-1
69
-1
69
-1
69
-1
69
-1
69
-1
69
-1
69
-1
69
-1
69
-1
69
-1
69
-1
69
-1
69
-1
69
-1
0.684394006603
0.296962856914
0.93295518742
0.426240091128
0.474021117117
0.0231702438544
69
-1
69
-1
69
-1
69
-1
69
-1
69
-1
69
-1
69
-1
69
-1
69
-1
69
-1
69
-1
69
-1
69
-1
69
-1
69
-1
0.0206555271896
0.104767834091
0.625628095701
0.664543409793
0.95219755803
0.43246943375
69
-1
69
-1
69
-1
69
-1
69
-1
69
-1
69
-1
69
-1
69
-1
69
-1
69
-1
69
-1
69
-1
69
-1
69
-1
69
-1
0.707670566307
0.343602138302
0.0740619349996
0.420185448194
0.701624330239
0.80422382425
-2
227
69
-1
69
-1
69
-1
69
-1
69
-1
69
-1
69
-1
69
-1
69
-1
69
-1
69
-1
69
-1
69
-1
69
-1
69
-1
0.951983592227
0.83217293477
0.56361438826
0.550365983992
0.501095189565
0.477606517076
69
-1
69
-1
69
-1
69
-1
69
-1
69
-1
69
-1
69
-1
69
-1
69
-1
69
-1
69
-1
69
-1
69
-1
69
-1
69
-1
0.680491549808
0.575706294963
0.857161825657
0.450074155656
0.471174911897
0.832079300793
69
-1
69
-1
69
-1
69
-1
69
-1
69
-1
69
-1
69
-1
69
-1
69
-1
69
-1
69
-1
69
-1
69
-1
69
-1
69
-1
0.675636267807
0.524450997275
0.563446505107
0.805704045269
0.607382003514
0.259150402661
69
-1
69
-1
69
-1
69
-1
69
-1
69
-1
69
-1
69
-1
69
-1
69
-1
69
-1
69
-1
69
-1
69
-1
69
-1
69
-1
0.44415604479
0.69950458762
0.925503777978
0.69627322248
0.625830375737
0.383894964027
-2
273
69
-1
69
-1
69
-1
69
-1
69
-1
69
-1
69
-1
69
-1
69
-1
69
-1
69
-1
69
-1
69
-1
69
-1
69
-1
0.742046758935
0.306440058192
0.0149607831573
0.338158773697
0.589185818121
0.786947070241
69
-1
69
-1
69
-1
69
-1
69
-1
69
-1
69
-1
69
-1
69
-1
69
-1
69
-1
69
-1
69
-1
69
-1
69
-1
69
-1
0.870366216076
0.208563161765
0.0817368353057
0.119886120196
0.98904830084
0.645436682301
69
-1
69
-1
69
-1
69
-1
69
-1
69
-1
69
-1
69
-1
69
-1
69
-1
69
-1
69
-1
69
-1
69
-1
69
-1
69
-1
0.128364844479
0.690765256392
0.959477852357
0.607437061822
0.232572093809
0.962389526099
69
-1
69
-1
69
-1
69
-1
69
-1
69
-1
69
-1
69
-1
69
-1
69
-1
69
-1
69
-1
69
-1
69
-1
69
-1
69
-1
0.700553377641
0.182984253433
0.766217930293
0.504174640401
0.574042988127
0.365787232686
69
-1
69
-1
69
-1
69
-1
69
-1
69
-1
69
-1
69
-1
69
-1
69
-1
69
-1
69
-1
69
-1
69
-1
69
-1
69
-1
0.293751525715
0.420436575466
0.52640222738
0.461443013032
0.866265646055
0.0742055396756
69
-1
69
-1
69
-1
69
-1
69
-1
69
-1
69
-1
69
-1
69
-1
69
-1
69
-1
69
-1
69
-1
69
-1
69
-1
69
-1
0.198989312408
0.937505224583
0.607858069556
0.617529788917
0.629749940519
0.243495134362
69
-1
69
-1
69
-1
69
-1
69
-1
69
-1
69
-1
69
-1
69
-1
69
-1
69
-1
69
-1
69
-1
69
-1
69
-1
69
-1
0.394679221357
0.210148413642
0.151983236671
0.989512266958
0.743814108661
0.879137250484
69
-1
69
-1
69
-1
69
-1
69
-1
69
-1
69
-1
69
-1
69
-1
69
-1
69
-1
69
-1
69
-1
69
-1
69
-1
69
-1
0.370759319045
0.553895476028
0.874378217766
0.513206925166
0.317583240115
0.603760735031
69
-1
69
-1
69
-1
69
-1
69
-1
69
-1
69
-1
69
-1
69
-1
69
-1
69
-1
69
-1
69
-1
69
-1
69
-1
69
-1
0.583611925288
0.292288763899
0.548051704933
0.276122878712
0.0112929853945
0.310725478472
69
-1
69
-1
69
-1
69
-1
69
-1
69
-1
69
-1
69
-1
69
-1
69
-1
69
-1
69
-1
69
-1
69
-1
69
-1
69
-1
0.0864308449529
0.491891250871
0.501148903523
0.870221932274
0.747906630064
0.74937797318
69
-1
69
-1
69
-1
69
-1
69
-1
69
-1
69
-1
69
-1
69
-1
69
-1
69
-1
69
-1
69
-1
69
-1
69
-1
69
-1
0.989644422583
0.264677967405
0.372735588136
0.230557129191
0.102486816026
0.515229132132
-3
371
69
-1
69
-1
69
-1
69
-1
69
-1
69
-1
69
-1
69
-1
69
-1
69
-1
69
-1
69
-1
69
-1
69
-1
69
-1
0.0617972941916
0.73173042175
0.85252139733
0.0661665950344
0.00896228875872
0.537946643972
69
-1
69
-1
69
-1
69
-1
69
-1
69
-1
69
-1
69
-1
69
-1
69
-1
69
-1
69
-1
69
-1
69
-1
69
-1
69
-1
0.3327113821
0.018737901833
0.00879924415819
0.211359370269
0.200109789269
0.29536313997
69
-1
69
-1
69
-1
69
-1
69
-1
69
-1
69
-1
69
-1
69
-1
69
-1
69
-1
69
-1
69
-1
69
-1
69
-1
69
-1
0.550665754985
0.251379697686
0.233516552915
0.210748854216
0.887001023142
0.238591335492
-2
300
69
-1
69
-1
69
-1
69
-1
69
-1
69
-1
69
-1
69
-1
69
-1
69
-1
69
-1
69
-1
69
-1
69
-1
69
-1
0.555330162499
0.452633403505
0.331404956629
0.406760164497
0.0159912449311
0.185047846329
-2
249
69
-1
69
-1
69
-1
69
-1
69
-1
69
-1
69
-1
69
-1
69
-1
69
-1
69
-1
69
-1
69
-1
69
-1
69
-1
0.640139066381
0.761487351245
0.218369820899
0.176529603483
0.905692590818
0.0977802206486
69
-1
69
-1
69
-1
69
-1
69
-1
69
-1
69
-1
69
-1
69
-1
69
-1
69
-1
69
-1
69
-1
69
-1
69
-1
69
-1
0.286233409954
0.344323263007
0.58954019911
0.442521759869
0.793457047848
0.664766886719
69
-1
69
-1
69
-1
69
-1
69
-1
69
-1
69
-1
69
-1
69
-1
69
-1
69
-1
69
-1
69
-1
69
-1
69
-1
69
-1
0.219836584765
0.286111412302
0.252124909514
0.422844051355
0.248639641125
0.0322630086834
69
-1
69
-1
69
-1
69
-1
69
-1
69
-1
69
-1
69
-1
69
-1
69
-1
69
-1
69
-1
69
-1
69
-1
69
-1
69
-1
0.251767186559
0.194798747642
0.349924187044
0.454264758262
0.874312213975
0.659555970633
69
-1
69
-1
69
-1
69
-1
69
-1
69
-1
69
-1
69
-1
69
-1
69
-1
69
-1
69
-1
69
-1
69
-1
69
-1
69
-1
0.615482228864
0.864529018692
0.386533447276
0.426093898205
0.244495100021
0.830202069054
69
-1
69
-1
69
-1
69
-1
69
-1
69
-1
69
-1
69
-1
69
-1
69
-1
69
-1
69
-1
69
-1
69
-1
69
-1
69
-1
0.877360696671
0.910828941901
0.604926501581
0.11383824229
0.0722686705956
0.797534506296
69
-1
69
-1
69
-1
69
-1
69
-1
69
-1
69
-1
69
-1
69
-1
69
-1
69
-1
69
-1
69
-1
69
-1
69
-1
69
-1
0.885466041244
0.532268884061
0.920767426279
0.930772888176
0.75475107753
0.370544578204
69
-1
69
-1
69
-1
69
-1
69
-1
69
-1
69
-1
69
-1
69
-1
69
-1
69
-1
69
-1
69
-1
69
-1
69
-1
69
-1
0.456341939899
0.351884076863
0.396049856827
0.471315365368
0.0171103728584
0.127344647813
69
-1
69
-1
69
-1
69
-1
69
-1
69
-1
69
-1
69
-1
69
-1
69
-1
69
-1
69
-1
69
-1
69
-1
69
-1
69
-1
0.168015661107
0.566815161159
0.871609364066
0.71139581298
0.149495155863
0.457683933116
69
-1
69
-1
69
-1
69
-1
69
-1
69
-1
69
-1
69
-1
69
-1
69
-1
69
-1
69
-1
69
-1
69
-1
69
-1
69
-1
0.627304197492
0.135191039451
0.0796888531197
0.612038323685
0.235428373187
0.6450574049
69
-1
69
-1
69
-1
69
-1
69
-1
69
-1
69
-1
69
-1
69
-1
69
-1
69
-1
69
-1
69
-1
69
-1
69
-1
69
-1
0.171543108503
0.855905163832
0.309740320424
0.428358801857
0.549966255972
0.886347960306
69
-1
69
-1
69
-1
69
-1
69
-1
69
-1
69
-1
69
-1
69
-1
69
-1
69
-1
69
-1
69
-1
69
-1
69
-1
69
-1
0.916377425994
0.844792426793
0.684515962868
0.0691877878093
0.186789441702
0.534606501721
69
-1
69
-1
69
-1
69
-1
69
-1
69
-1
69
-1
69
-1
69
-1
69
-1
69
-1
69
-1
69
-1
69
-1
69
-1
69
-1
0.985127523891
0.726146511398
0.191663620245
0.35599721026
0.962464849398
0.507745995629
69
-1
69
-1
69
-1
69
-1
69
-1
69
-1
69
-1
69
-1
69
-1
69
-1
69
-1
69
-1
69
-1
69
-1
69
-1
69
-1
0.870318221713
0.857995106662
0.781766187426
0.627041606681
0.665843467225
0.34207708876
69
-1
69
-1
69
-1
69
-1
69
-1
69
-1
69
-1
69
-1
69
-1
69
-1
69
-1
69
-1
69
-1
69
-1
69
-1
69
-1
0.120415182297
0.948560821827
0.0326303167422
0.270884960035
0.613895965454
0.964931724953
69
-1
69
-1
69
-1
69
-1
69
-1
69
-1
69
-1
69
-1
69
-1
69
-1
69
-1
69
-1
69
-1
69
-1
69
-1
69
-1
0.210167885291
0.246969512386
0.847907947782
0.327066053177
0.402955302926
0.359740181062
69
-1
69
-1
69
-1
69
-1
69
-1
69
-1
69
-1
69
-1
69
-1
69
-1
69
-1
69
-1
69
-1
69
-1
69
-1
69
-1
0.0494534167033
0.941821927507
0.697730374101
0.00682590302329
0.0971443800317
0.135454142263
69
-1
69
-1
69
-1
69
-1
69
-1
69
-1
69
-1
69
-1
69
-1
69
-1
69
-1
69
-1
69
-1
69
-1
69
-1
69
-1
0.368886750237
0.890322024126
0.140859649795
0.228076510693
0.311443646054
0.51069440327
69
-1
69
-1
69
-1
69
-1
69
-1
69
-1
69
-1
69
-1
69
-1
69
-1
69
-1
69
-1
69
-1
69
-1
69
-1
69
-1
0.901089682353
0.539457228782
0.90355448323
0.541927030603
0.432124129405
0.871463585193
69
-1
69
-1
69
-1
69
-1
69
-1
69
-1
69
-1
69
-1
69
-1
69
-1
69
-1
69
-1
69
-1
69
-1
69
-1
69
-1
0.580835256813
0.474976988009
0.512451141061
0.35562997457
0.433101354573
0.0741585886249
69
-1
69
-1
69
-1
69
-1
69
-1
69
-1
69
-1
69
-1
69
-1
69
-1
69
-1
69
-1
69
-1
69
-1
69
-1
69
-1
0.205216364778
0.762996525633
0.133584393356
0.208248488763
0.163593601329
0.362881788492
69
-1
69
-1
69
-1
69
-1
69
-1
69
-1
69
-1
69
-1
69
-1
69
-1
69
-1
69
-1
69
-1
69
-1
69
-1
69
-1
0.0492881669354
0.36032943489
0.60969443051
0.677974445344
0.867346847142
0.0870776805375
69
-1
69
-1
69
-1
69
-1
69
-1
69
-1
69
-1
69
-1
69
-1
69
-1
69
-1
69
-1
69
-1
69
-1
69
-1
69
-1
0.643822853684
0.196314123285
0.342425094284
0.575129350211
0.837953260806
0.67060860028
69
-1
69
-1
69
-1
69
-1
69
-1
69
-1
69
-1
69
-1
69
-1
69
-1
69
-1
69
-1
69
-1
69
-1
69
-1
69
-1
0.985298908722
0.0179478989361
0.316090247703
0.480362896264
0.0362055890356
0.0523725960647
69
-1
69
-1
69
-1
69
-1
69
-1
69
-1
69
-1
69
-1
69
-1
69
-1
69
-1
69
-1
69
-1
69
-1
69
-1
69
-1
0.366772282868
0.55915846936
0.135515022935
0.0683058910904
0.318836448075
0.741522244612
69
-1
69
-1
69
-1
69
-1
69
-1
69
-1
69
-1
69
-1
69
-1
69
-1
69
-1
69
-1
69
-1
69
-1
69
-1
69
-1
0.415545320891
0.0714907442188
0.0629311501327
0.658406880839
0.859172816001
0.019048221333
-1
367
-1
334
69
-1
69
-1
69
-1
69
-1
69
-1
69
-1
69
-1
69
-1
69
-1
69
-1
69
-1
69
-1
69
-1
69
-1
0.180226690385
0.327467197372
0.313068436552
0.834196312856
0.252399562816
0.306213549913
69
-1
69
-1
69
-1
69
-1
69
-1
69
-1
69
-1
69
-1
69
-1
69
-1
69
-1
69
-1
69
-1
69
-1
69
-1
69
-1
0.487584146976
0.950807243675
0.2945149553
0.633704373917
0.0485993855879
0.431440110733
69
-1
69
-1
69
-1
69
-1
69
-1
69
-1
69
-1
69
-1
69
-1
69
-1
69
-1
69
-1
69
-1
69
-1
69
-1
69
-1
0.927213084794
0.217404904055
0.356461612643
0.654144754402
0.565541449891
0.57603154541
-1
325
-1
382
-1
369
-1
295
-3
313
69
-1
69
-1
69
-1
69
-1
69
-1
69
-1
69
-1
69
-1
69
-1
69
-1
69
-1
0.608552711128
0.675386534425
0.322663919202
0.35171617638
0.397006186522
0.522337032441
69
-1
69
-1
69
-1
69
-1
69
-1
69
-1
69
-1
69
-1
69
-1
69
-1
69
-1
69
-1
69
-1
69
-1
69
-1
69
-1
0.567001668337
0.873965391459
0.395836144554
0.449247681722
0.832654442498
0.971074936523
69
-1
69
-1
69
-1
69
-1
69
-1
69
-1
69
-1
69
-1
69
-1
69
-1
69
-1
69
-1
69
-1
69
-1
69
-1
69
-1
0.569978695246
0.699591385776
0.917030561867
0.795095281083
0.563080450209
0.497174757702
69
-1
69
-1
69
-1
69
-1
69
-1
69
-1
69
-1
69
-1
69
-1
69
-1
69
-1
69
-1
69
-1
69
-1
69
-1
69
-1
0.0132262511999
0.552665671143
0.562224439015
0.742101844032
0.165398050795
0.588661502102
69
-1
69
-1
69
-1
69
-1
69
-1
69
-1
69
-1
69
-1
69
-1
69
-1
69
-1
69
-1
69
-1
69
-1
69
-1
69
-1
0.0515825960094
0.725899676742
0.821608411915
0.437776157539
0.687685986198
0.6623105522
69
-1
69
-1
69
-1
69
-1
69
-1
69
-1
69
-1
69
-1
69
-1
69
-1
69
-1
69
-1
69
-1
69
-1
69
-1
69
-1
0.303598551835
0.0882451194663
0.757997690675
0.357076720858
0.161376320829
0.442206687707
69
-1
69
-1
69
-1
69
-1
69
-1
69
-1
69
-1
69
-1
69
-1
69
-1
69
-1
69
-1
69
-1
69
-1
69
-1
69
-1
0.987577001753
0.993596303954
0.123341100773
0.262073555129
0.99141867585
0.329943955925
-2
296
69
-1
69
-1
69
-1
69
-1
69
-1
69
-1
69
-1
69
-1
69
-1
69
-1
69
-1
69
-1
69
-1
69
-1
69
-1
0.457984920669
0.55212408536
0.169778112471
0.615603495443
0.955168733812
0.592039800008
69
-1
69
-1
69
-1
69
-1
69
-1
69
-1
69
-1
69
-1
69
-1
69
-1
69
-1
69
-1
69
-1
69
-1
69
-1
69
-1
0.787499667754
0.282535841118
0.154595760124
0.00643849978916
0.981318878684
0.119062173556
69
-1
69
-1
69
-1
69
-1
69
-1
69
-1
69
-1
69
-1
69
-1
69
-1
69
-1
69
-1
69
-1
69
-1
69
-1
69
-1
0.380014849553
0.654723245746
0.734599554382
0.618132590409
0.439562674235
0.814933773378
-2
316
69
-1
69
-1
69
-1
69
-1
69
-1
69
-1
69
-1
69
-1
69
-1
69
-1
69
-1
69
-1
69
-1
69
-1
69
-1
0.975615505803
0.449966374697
0.389735730668
0.912646944439
0.775873048277
0.173523201361
69
-1
69
-1
69
-1
69
-1
69
-1
69
-1
69
-1
69
-1
69
-1
69
-1
69
-1
69
-1
69
-1
69
-1
69
-1
69
-1
0.597886065195
0.180404840987
0.775720536914
0.556432754253
0.798589793382
0.0649274809316
69
-1
69
-1
69
-1
69
-1
69
-1
69
-1
69
-1
69
-1
69
-1
69
-1
69
-1
69
-1
69
-1
69
-1
69
-1
69
-1
0.928006235883
0.229811060769
0.84978138148
0.441597494001
0.888850418822
0.101641844126
69
-1
69
-1
69
-1
69
-1
69
-1
69
-1
69
-1
69
-1
69
-1
69
-1
69
-1
69
-1
69
-1
69
-1
69
-1
69
-1
0.0537932421801
0.468288289593
0.930468301545
0.465313928807
0.507471845269
0.16419198663
69
-1
69
-1
69
-1
69
-1
69
-1
69
-1
69
-1
69
-1
69
-1
69
-1
69
-1
69
-1
69
-1
69
-1
69
-1
69
-1
0.374531630875
0.321645512712
0.280122536406
0.0141627593899
0.487118003642
0.445369998378
69
-1
69
-1
69
-1
69
-1
69
-1
69
-1
69
-1
69
-1
69
-1
69
-1
69
-1
69
-1
69
-1
69
-1
69
-1
69
-1
0.740798337105
0.303096157637
0.581186662517
0.313146098325
0.752994636369
0.174145565184
69
-1
69
-1
69
-1
69
-1
69
-1
69
-1
69
-1
69
-1
69
-1
69
-1
69
-1
69
-1
69
-1
69
-1
69
-1
69
-1
0.48935061082
0.445778132627
0.458738864254
0.538113445963
0.536138060082
0.316347710748
-2
289
69
-1
69
-1
69
-1
69
-1
69
-1
69
-1
69
-1
69
-1
69
-1
69
-1
69
-1
69
-1
69
-1
69
-1
69
-1
0.824107725131
0.951486458457
0.55900753986
0.635495963253
0.723644663255
0.31980780186
-2
304
69
-1
69
-1
69
-1
69
-1
69
-1
69
-1
69
-1
69
-1
69
-1
69
-1
69
-1
69
-1
69
-1
69
-1
69
-1
0.592290459566
0.462590979958
0.484432367168
0.394138282714
0.536259196011
0.218134754643
69
-1
69
-1
69
-1
69
-1
69
-1
69
-1
69
-1
69
-1
69
-1
69
-1
69
-1
69
-1
69
-1
69
-1
69
-1
69
-1
0.241023037855
0.200160740754
0.594488083821
0.245329350618
0.780629622347
0.905300934759
69
-1
69
-1
69
-1
69
-1
69
-1
69
-1
69
-1
69
-1
69
-1
69
-1
69
-1
69
-1
69
-1
69
-1
69
-1
69
-1
0.759726897341
0.328281256704
0.942635566218
0.344283196028
0.361565445365
0.595278746492
69
-1
69
-1
69
-1
69
-1
69
-1
69
-1
69
-1
69
-1
69
-1
69
-1
69
-1
69
-1
69
-1
69
-1
69
-1
69
-1
0.660676925427
0.408838638731
0.786665915715
0.853525385209
0.288607201778
0.224602306735
69
-1
69
-1
69
-1
69
-1
69
-1
69
-1
69
-1
69
-1
69
-1
69
-1
69
-1
69
-1
69
-1
69
-1
69
-1
69
-1
0.397440083291
0.698608229939
0.669822534722
0.175627268913
0.388697792972
0.901858970287
69
-1
69
-1
69
-1
69
-1
69
-1
69
-1
69
-1
69
-1
69
-1
69
-1
69
-1
69
-1
69
-1
69
-1
69
-1
69
-1
0.611358555557
0.384691605
0.710752493674
0.293678917704
0.433962360054
0.808291117482
69
-1
69
-1
69
-1
69
-1
69
-1
69
-1
69
-1
69
-1
69
-1
69
-1
69
-1
69
-1
69
-1
69
-1
69
-1
69
-1
0.75346768901
0.14425075334
0.437006118339
0.542189068133
0.637761137965
0.70084251108
69
-1
69
-1
69
-1
69
-1
69
-1
69
-1
69
-1
69
-1
69
-1
69
-1
69
-1
69
-1
69
-1
69
-1
69
-1
69
-1
0.97330705283
0.942207350864
0.208560721531
0.158384041225
0.970031824245
0.160520851345
69
-1
69
-1
69
-1
69
-1
69
-1
69
-1
69
-1
69
-1
69
-1
69
-1
69
-1
69
-1
69
-1
69
-1
69
-1
69
-1
0.968225770792
0.11983713837
0.584950480775
0.129882830615
0.133799104763
0.333833669176
-2
352
69
-1
69
-1
69
-1
69
-1
69
-1
69
-1
69
-1
69
-1
69
-1
69
-1
69
-1
69
-1
69
-1
69
-1
69
-1
0.793744629119
0.702264075585
0.317273710628
0.13708814994
0.35862666949
0.174151079553
69
-1
69
-1
69
-1
69
-1
69
-1
69
-1
69
-1
69
-1
69
-1
69
-1
69
-1
69
-1
69
-1
69
-1
69
-1
69
-1
0.235018683173
0.496950310412
0.488723300653
0.92261220255
0.0897595147309
0.532891209937
69
-1
69
-1
69
-1
69
-1
69
-1
69
-1
69
-1
69
-1
69
-1
69
-1
69
-1
69
-1
69
-1
69
-1
69
-1
69
-1
0.564810633628
0.142769919403
0.360514690793
0.137870373428
0.893642498108
0.34854189294
69
-1
69
-1
69
-1
69
-1
69
-1
69
-1
69
-1
69
-1
69
-1
69
-1
69
-1
69
-1
69
-1
69
-1
69
-1
69
-1
0.0648517488214
0.475175291522
0.529037099047
0.88722425101
0.719086179442
0.206137729356
69
-1
69
-1
69
-1
69
-1
69
-1
69
-1
69
-1
69
-1
69
-1
69
-1
69
-1
69
-1
69
-1
69
-1
69
-1
69
-1
0.908352276661
0.00505777986697
0.697193781316
0.0421577860934
0.819685179882
0.189398088097
69
-1
69
-1
69
-1
69
-1
69
-1
69
-1
69
-1
69
-1
69
-1
69
-1
69
-1
69
-1
69
-1
69
-1
69
-1
69
-1
0.797284812524
0.813418968046
0.771483219095
0.110149956249
0.400281349807
0.104797493259
69
-1
69
-1
69
-1
69
-1
69
-1
69
-1
69
-1
69
-1
69
-1
69
-1
69
-1
69
-1
69
-1
69
-1
69
-1
69
-1
0.718629925925
0.994061645692
0.522729118988
0.651964623354
0.667057143752
0.142717088991
69
-1
69
-1
69
-1
69
-1
69
-1
69
-1
69
-1
69
-1
69
-1
69
-1
69
-1
69
-1
69
-1
69
-1
69
-1
69
-1
0.371461627245
0.348896853122
0.75062290865
0.41138612804
0.368046760304
0.548998012564
69
-1
69
-1
69
-1
69
-1
69
-1
69
-1
69
-1
69
-1
69
-1
69
-1
69
-1
69
-1
69
-1
69
-1
69
-1
69
-1
0.616649690574
0.56775277179
0.0541909424388
0.815075753782
0.818872396106
0.00758630815389
69
-1
69
-1
69
-1
69
-1
69
-1
69
-1
69
-1
69
-1
69
-1
69
-1
69
-1
69
-1
69
-1
69
-1
69
-1
69
-1
0.430185309458
0.785724194933
0.415445909893
0.859786907104
0.695203719822
0.660629737186
69
-1
69
-1
69
-1
69
-1
69
-1
69
-1
69
-1
69
-1
69
-1
69
-1
69
-1
69
-1
69
-1
69
-1
69
-1
69
-1
0.905766713729
0.77895723538
0.584966560807
0.0473012589389
0.454472885499
0.688738636073
69
-1
69
-1
69
-1
69
-1
69
-1
69
-1
69
-1
69
-1
69
-1
69
-1
69
-1
69
-1
69
-1
69
-1
69
-1
69
-1
0.523161153228
0.58473652646
0.349352561811
0.841191849574
0.245438453821
0.639539116059
69
-1
69
-1
69
-1
69
-1
69
-1
69
-1
69
-1
69
-1
69
-1
69
-1
69
-1
69
-1
69
-1
69
-1
69
-1
69
-1
0.436753444007
0.148738919237
0.019076931219
0.129919701446
0.288215197807
0.472364966854
69
-1
69
-1
69
-1
69
-1
69
-1
69
-1
69
-1
69
-1
69
-1
69
-1
69
-1
69
-1
69
-1
69
-1
69
-1
69
-1
0.602694612006
0.0968688437992
0.538683949769
0.674017993411
0.944272506189
0.643166621044
69
-1
69
-1
69
-1
69
-1
69
-1
69
-1
69
-1
69
-1
69
-1
69
-1
69
-1
69
-1
69
-1
69
-1
69
-1
69
-1
0.544901631411
0.410121949328
0.911822214706
0.523349742441
0.477590820436
0.733774783591
69
-1
69
-1
69
-1
69
-1
69
-1
69
-1
69
-1
69
-1
69
-1
69
-1
69
-1
69
-1
69
-1
69
-1
69
-1
69
-1
0.911192841566
0.234471545305
0.3073729462
0.611359626515
0.573474969186
0.560482191281
69
-1
69
-1
69
-1
69
-1
69
-1
69
-1
69
-1
69
-1
69
-1
69
-1
69
-1
69
-1
69
-1
69
-1
69
-1
69
-1
0.392035734862
0.040894282387
0.595234900929
0.27676652304
0.620423961269
0.437886500499
69
-1
69
-1
69
-1
69
-1
69
-1
69
-1
69
-1
69
-1
69
-1
69
-1
69
-1
69
-1
69
-1
69
-1
69
-1
69
-1
0.2688822114
0.173812186309
0.706146213695
0.455543669281
0.585168619379
0.182593862124
69
-1
69
-1
69
-1
69
-1
69
-1
69
-1
69
-1
69
-1
69
-1
69
-1
69
-1
69
-1
69
-1
69
-1
69
-1
69
-1
0.509966134827
0.658686126752
0.759757905953
0.666547348295
0.41378845266
0.685246523916
69
-1
69
-1
69
-1
69
-1
69
-1
69
-1
69
-1
69
-1
69
-1
69
-1
69
-1
69
-1
69
-1
69
-1
69
-1
69
-1
0.596871535468
0.477404369056
0.630301112091
0.306361645588
0.0631672441449
0.147835608524
69
-1
69
-1
69
-1
69
-1
69
-1
69
-1
69
-1
69
-1
69
-1
69
-1
69
-1
69
-1
69
-1
69
-1
69
-1
69
-1
0.972719675462
0.892708809046
0.827033902404
0.259172974865
0.838852482358
0.789558954419
69
-1
69
-1
69
-1
69
-1
69
-1
69
-1
69
-1
69
-1
69
-1
69
-1
69
-1
69
-1
69
-1
69
-1
69
-1
69
-1
0.541210538739
0.302985892732
0.106831643744
0.997787715032
0.998774397784
0.850910686239
69
-1
69
-1
69
-1
69
-1
69
-1
69
-1
69
-1
69
-1
69
-1
69
-1
69
-1
69
-1
69
-1
69
-1
69
-1
69
-1
0.537733496737
0.769626582181
0.622511951702
0.0647741465644
0.461967075492
0.0119751739993
69
-1
69
-1
69
-1
69
-1
69
-1
69
-1
69
-1
69
-1
69
-1
69
-1
69
-1
69
-1
69
-1
69
-1
69
-1
69
-1
0.265900028682
0.961535867318
0.691460743708
0.565691787015
0.112043619885
0.685240509527
69
-1
69
-1
69
-1
69
-1
69
-1
69
-1
69
-1
69
-1
69
-1
69
-1
69
-1
69
-1
69
-1
69
-1
69
-1
69
-1
0.605445285289
0.637462718008
0.688334588504
0.927896014507
0.44736351886
0.611002292472
69
-1
69
-1
69
-1
69
-1
69
-1
69
-1
69
-1
69
-1
69
-1
69
-1
69
-1
69
-1
69
-1
69
-1
69
-1
69
-1
0.529760929523
0.589023797764
0.679343119589
0.187963934016
0.0555457444276
0.116331479001
69
-1
69
-1
69
-1
69
-1
69
-1
69
-1
69
-1
69
-1
69
-1
69
-1
69
-1
69
-1
69
-1
69
-1
69
-1
69
-1
0.0427098431982
0.555093992723
0.305108977504
0.784646683935
0.161899578074
0.150182561784
69
-1
69
-1
69
-1
69
-1
69
-1
69
-1
69
-1
69
-1
69
-1
69
-1
69
-1
69
-1
69
-1
69
-1
69
-1
69
-1
0.865606734286
0.0896711759545
0.352884068327
0.690050064328
0.562713350619
0.266820204366
69
-1
69
-1
69
-1
69
-1
69
-1
69
-1
69
-1
69
-1
69
-1
69
-1
69
-1
69
-1
69
-1
69
-1
69
-1
69
-1
0.134696560248
0.577743350061
0.248120204132
0.856090699107
0.264852852053
0.933097362456
69
-1
69
-1
69
-1
69
-1
69
-1
69
-1
69
-1
69
-1
69
-1
69
-1
69
-1
69
-1
69
-1
69
-1
69
-1
69
-1
0.185262107959
0.767800313823
0.034046858035
0.636739268758
0.823673313539
0.429409421633
69
-1
69
-1
69
-1
69
-1
69
-1
69
-1
69
-1
69
-1
69
-1
69
-1
69
-1
69
-1
69
-1
69
-1
69
-1
69
-1
0.849076818038
0.354782796955
0.354976449248
0.910837934525
0.99039743974
0.789186002508
69
-1
69
-1
69
-1
69
-1
69
-1
69
-1
69
-1
69
-1
69
-1
69
-1
69
-1
69
-1
69
-1
69
-1
69
-1
69
-1
0.89855637349
0.781519514411
0.00183712297802
0.31218590783
0.776526606031
0.7013448722
69
-1
69
-1
69
-1
69
-1
69
-1
69
-1
69
-1
69
-1
69
-1
69
-1
69
-1
69
-1
69
-1
69
-1
69
-1
69
-1
0.768164734412
0.457061346883
0.865000315192
0.131779292461
0.857155699232
0.645433784269
69
-1
69
-1
69
-1
69
-1
69
-1
69
-1
69
-1
69
-1
69
-1
69
-1
69
-1
69
-1
69
-1
69
-1
69
-1
69
-1
0.8861271016
0.701278773135
0.436154732115
0.516021246716
0.0983572024765
0.242485698251
69
-1
69
-1
69
-1
69
-1
69
-1
69
-1
69
-1
69
-1
69
-1
69
-1
69
-1
69
-1
69
-1
69
-1
69
-1
69
-1
0.574941978722
0.177781190697
0.35848793914
0.643178619016
0.594747093577
0.893825334494
69
-1
69
-1
69
-1
69
-1
69
-1
69
-1
69
-1
69
-1
69
-1
69
-1
69
-1
69
-1
69
-1
69
-1
69
-1
69
-1
0.433204191926
0.553644113033
0.421843616941
0.75487385708
0.625681358571
0.945349774277
69
-1
69
-1
69
-1
69
-1
69
-1
69
-1
69
-1
69
-1
69
-1
69
-1
69
-1
69
-1
69
-1
69
-1
69
-1
69
-1
0.14147975613
0.127203584169
0.292479331707
0.616254995987
0.638527990098
0.20156651436
69
-1
69
-1
69
-1
69
-1
69
-1
69
-1
69
-1
69
-1
69
-1
69
-1
69
-1
69
-1
69
-1
69
-1
69
-1
69
-1
0.271416086545
0.595425050127
0.264379579639
0.829889228695
0.106595131202
0.782619222577
69
-1
69
-1
69
-1
69
-1
69
-1
69
-1
69
-1
69
-1
69
-1
69
-1
69
-1
69
-1
69
-1
69
-1
69
-1
69
-1
0.661038836339
0.91041877193
0.770278925976
0.454180376715
0.750273489168
0.284091101132
69
-1
69
-1
69
-1
69
-1
69
-1
69
-1
69
-1
69
-1
69
-1
69
-1
69
-1
69
-1
69
-1
69
-1
69
-1
69
-1
0.803083822762
0.406341125855
0.970904949162
0.0278904846231
0.582712678006
0.12994627487
69
-1
69
-1
69
-1
69
-1
69
-1
69
-1
69
-1
69
-1
69
-1
69
-1
69
-1
69
-1
69
-1
69
-1
69
-1
69
-1
0.803234272166
0.410544146603
0.0840421635647
0.672755547163
0.901111486959
0.0837874657929
69
-1
69
-1
69
-1
69
-1
69
-1
69
-1
69
-1
69
-1
69
-1
69
-1
69
-1
69
-1
69
-1
69
-1
69
-1
69
-1
0.307882510802
0.537452082862
0.620739462656
0.8504359821
0.856230905419
0.171131684543
-2
401
69
-1
69
-1
69
-1
69
-1
69
-1
69
-1
69
-1
69
-1
69
-1
69
-1
69
-1
69
-1
69
-1
69
-1
69
-1
0.627649064028
0.876658853339
0.249908546562
0.603009300177
0.98827522433
0.634388072582
69
-1
69
-1
69
-1
69
-1
69
-1
69
-1
69
-1
69
-1
69
-1
69
-1
69
-1
69
-1
69
-1
69
-1
69
-1
69
-1
0.701516354216
0.310788005267
0.992517227724
0.831451546671
0.322760401025
0.301796753614
-2
391
69
-1
69
-1
69
-1
69
-1
69
-1
69
-1
69
-1
69
-1
69
-1
69
-1
69
-1
69
-1
69
-1
69
-1
69
-1
0.00479855877664
0.481151582693
0.873411436807
0.784913817273
0.14755302647
0.2416778569
69
-1
69
-1
69
-1
69
-1
69
-1
69
-1
69
-1
69
-1
69
-1
69
-1
69
-1
69
-1
69
-1
69
-1
69
-1
69
-1
0.161235429976
0.259635861208
0.202575908137
0.164991846789
0.553179651238
0.914247630501
69
-1
69
-1
69
-1
69
-1
69
-1
69
-1
69
-1
69
-1
69
-1
69
-1
69
-1
69
-1
69
-1
69
-1
69
-1
69
-1
0.216005492216
0.790064164345
0.7006825797
0.310800960451
0.219816317569
0.637256274295
69
-1
69
-1
69
-1
69
-1
69
-1
69
-1
69
-1
69
-1
69
-1
69
-1
69
-1
69
-1
69
-1
69
-1
69
-1
69
-1
0.511518277106
0.794096348075
0.445843386177
0.083422847603
0.0704540075609
0.230903007983
69
-1
69
-1
69
-1
69
-1
69
-1
69
-1
69
-1
69
-1
69
-1
69
-1
69
-1
69
-1
69
-1
69
-1
69
-1
69
-1
0.523579064485
0.714744469732
0.556126955587
0.009774272151
0.952959158775
0.458161066716
69
-1
69
-1
69
-1
69
-1
69
-1
69
-1
69
-1
69
-1
69
-1
69
-1
69
-1
69
-1
69
-1
69
-1
69
-1
69
-1
0.540343687756
0.192209199187
0.243389154284
0.214179117374
0.606453681694
0.908677759081
69
-1
69
-1
69
-1
69
-1
69
-1
69
-1
69
-1
69
-1
69
-1
69
-1
69
-1
69
-1
69
-1
69
-1
69
-1
69
-1
0.264116569761
0.349453458679
0.287490800377
0.0290842419452
0.0105019854521
0.780973910205
69
-1
69
-1
69
-1
69
-1
69
-1
69
-1
69
-1
69
-1
69
-1
69
-1
69
-1
69
-1
69
-1
69
-1
69
-1
69
-1
0.977520148764
0.0423894912473
0.076912256447
0.452154574258
0.304227651017
0.246633408017
69
-1
69
-1
69
-1
69
-1
69
-1
69
-1
69
-1
69
-1
69
-1
69
-1
69
-1
69
-1
69
-1
69
-1
69
-1
69
-1
0.869769693248
0.193067088948
0.194676865909
0.906033464787
0.623181250663
0.686042434605
69
-1
69
-1
69
-1
69
-1
69
-1
69
-1
69
-1
69
-1
69
-1
69
-1
69
-1
69
-1
69
-1
69
-1
69
-1
69
-1
0.668361201689
0.0257888990657
0.97794138438
0.0287641850075
0.227406716575
0.475217202104
69
-1
69
-1
69
-1
69
-1
69
-1
69
-1
69
-1
69
-1
69
-1
69
-1
69
-1
69
-1
69
-1
69
-1
69
-1
69
-1
0.913754370635
0.0847050735165
0.53916228757
0.19484221487
0.00791225242455
0.279711413025
69
-1
69
-1
69
-1
69
-1
69
-1
69
-1
69
-1
69
-1
69
-1
69
-1
69
-1
69
-1
69
-1
69
-1
69
-1
69
-1
0.258939511976
0.542790214609
0.873767967552
0.530090633993
0.5332773288
0.278945387069
69
-1
69
-1
69
-1
69
-1
69
-1
69
-1
69
-1
69
-1
69
-1
69
-1
69
-1
69
-1
69
-1
69
-1
69
-1
69
-1
0.59339264389
0.831940624882
0.879072783774
0.064936338352
0.689139619726
0.131108764972
69
-1
69
-1
69
-1
69
-1
69
-1
69
-1
69
-1
69
-1
69
-1
69
-1
69
-1
69
-1
69
-1
69
-1
69
-1
69
-1
0.410761263564
0.389611807051
0.271598216831
0.0443812699437
0.194301965119
0.706365789326
69
-1
69
-1
69
-1
69
-1
69
-1
69
-1
69
-1
69
-1
69
-1
69
-1
69
-1
69
-1
69
-1
69
-1
69
-1
69
-1
0.957323978093
0.909569587692
0.02287815461
0.569569239518
0.190715093433
0.520871734176
69
-1
69
-1
69
-1
69
-1
69
-1
69
-1
69
-1
69
-1
69
-1
69
-1
69
-1
69
-1
69
-1
69
-1
69
-1
69
-1
0.533578797333
0.162385092898
0.0879301444511
0.48042208079
0.0526155654928
0.841057072599
69
-1
69
-1
69
-1
69
-1
69
-1
69
-1
69
-1
69
-1
69
-1
69
-1
69
-1
69
-1
69
-1
69
-1
69
-1
69
-1
0.474881380466
0.175218544467
0.818797910348
0.566304232692
0.812341970657
0.935117126314
69
-1
69
-1
69
-1
69
-1
69
-1
69
-1
69
-1
69
-1
69
-1
69
-1
69
-1
69
-1
69
-1
69
-1
69
-1
69
-1
0.9698794176
0.662620137668
0.87286724317
0.0634480649762
0.337899077729
0.474839266342
69
-1
69
-1
69
-1
69
-1
69
-1
69
-1
69
-1
69
-1
69
-1
69
-1
69
-1
69
-1
69
-1
69
-1
69
-1
69
-1
0.512211700234
0.367570880299
0.816986902491
0.58232487923
0.846624612447
0.443072827606
69
-1
69
-1
69
-1
69
-1
69
-1
69
-1
69
-1
69
-1
69
-1
69
-1
69
-1
69
-1
69
-1
69
-1
69
-1
69
-1
0.941771055788
0.355859044092
0.993204353767
0.566323296941
0.377227178978
0.620628504942
69
-1
69
-1
69
-1
69
-1
69
-1
69
-1
69
-1
69
-1
69
-1
69
-1
69
-1
69
-1
69
-1
69
-1
69
-1
69
-1
0.106256724752
0.686878784506
0.599839826152
0.805190804187
0.07569524665
0.419485337103
69
-1
69
-1
69
-1
69
-1
69
-1
69
-1
69
-1
69
-1
69
-1
69
-1
69
-1
69
-1
69
-1
69
-1
69
-1
69
-1
0.586239073382
0.0608299596474
0.762618492993
0.900412366615
0.625693832695
0.764161258548
69
-1
69
-1
69
-1
69
-1
69
-1
69
-1
69
-1
69
-1
69
-1
69
-1
69
-1
69
-1
69
-1
69
-1
69
-1
69
-1
0.944426031666
0.45465842151
0.511903092945
0.888190756255
0.676764846124
0.276693246086
69
-1
69
-1
69
-1
69
-1
69
-1
69
-1
69
-1
69
-1
69
-1
69
-1
69
-1
69
-1
69
-1
69
-1
69
-1
69
-1
0.589412417441
0.767395568006
0.844180698208
0.129794214456
0.167112264259
0.687462220427
69
-1
69
-1
69
-1
69
-1
69
-1
69
-1
69
-1
69
-1
69
-1
69
-1
69
-1
69
-1
69
-1
69
-1
69
-1
69
-1
0.715980294665
0.729542346622
0.489265782758
0.383734531907
0.9604211934
0.254740380648
69
-1
69
-1
69
-1
69
-1
69
-1
69
-1
69
-1
69
-1
69
-1
69
-1
69
-1
69
-1
69
-1
69
-1
69
-1
69
-1
0.286765152661
0.0248030242734
0.0844613114343
0.625265997011
0.662706950166
0.218909519118
69
-1
69
-1
69
-1
69
-1
69
-1
69
-1
69
-1
69
-1
69
-1
69
-1
69
-1
69
-1
69
-1
69
-1
69
-1
69
-1
0.740087897189
0.170436758216
0.371971155695
0.63674440096
0.777332812277
0.45282831688
69
-1
69
-1
69
-1
69
-1
69
-1
69
-1
69
-1
69
-1
69
-1
69
-1
69
-1
69
-1
69
-1
69
-1
69
-1
69
-1
0.808358413563
0.472051476423
0.663910581517
0.833508022895
0.562693092888
0.562526129807
69
-1
69
-1
69
-1
69
-1
69
-1
69
-1
69
-1
69
-1
69
-1
69
-1
69
-1
69
-1
69
-1
69
-1
69
-1
69
-1
0.932921824384
0.0340266157628
0.0187424889114
0.0363973995204
0.310934544923
0.537613425235
69
-1
69
-1
69
-1
69
-1
69
-1
69
-1
69
-1
69
-1
69
-1
69
-1
69
-1
69
-1
69
-1
69
-1
69
-1
69
-1
0.993384735132
0.231977500627
0.395014442807
0.174232120218
0.00468828122454
0.538397057476
69
-1
69
-1
69
-1
69
-1
69
-1
69
-1
69
-1
69
-1
69
-1
69
-1
69
-1
69
-1
69
-1
69
-1
69
-1
69
-1
0.620080616523
0.162558041798
0.837526518274
0.22211391341
0.937356429229
0.673401717239
69
-1
69
-1
69
-1
69
-1
69
-1
69
-1
69
-1
69
-1
69
-1
69
-1
69
-1
69
-1
69
-1
69
-1
69
-1
69
-1
0.971260048141
0.437883832968
0.838390060072
0.60522606107
0.714969608021
0.410528744746
69
-1
69
-1
69
-1
69
-1
69
-1
69
-1
69
-1
69
-1
69
-1
69
-1
69
-1
69
-1
69
-1
69
-1
69
-1
69
-1
0.511382381812
0.271868753751
0.336999003327
0.925548039555
0.0782992726005
0.832164464382
69
-1
69
-1
69
-1
69
-1
69
-1
69
-1
69
-1
69
-1
69
-1
69
-1
69
-1
69
-1
69
-1
69
-1
69
-1
69
-1
0.749974857415
0.162001497279
0.430567317906
0.835296739215
0.508818267118
0.507805814807
69
-1
69
-1
69
-1
69
-1
69
-1
69
-1
69
-1
69
-1
69
-1
69
-1
69
-1
69
-1
69
-1
69
-1
69
-1
69
-1
0.707633312469
0.870117540639
0.551498386089
0.286355050207
0.358833168016
0.544705210715
69
-1
69
-1
69
-1
69
-1
69
-1
69
-1
69
-1
69
-1
69
-1
69
-1
69
-1
69
-1
69
-1
69
-1
69
-1
69
-1
0.886336600158
0.703925457083
0.225543657428
0.0200603667812
0.657442100886
0.263302085616
69
-1
69
-1
69
-1
69
-1
69
-1
69
-1
69
-1
69
-1
69
-1
69
-1
69
-1
69
-1
69
-1
69
-1
69
-1
69
-1
0.876634071691
0.160452330589
0.996298080459
0.800762657731
0.252363305469
0.0157099005532
69
-1
69
-1
69
-1
69
-1
69
-1
69
-1
69
-1
69
-1
69
-1
69
-1
69
-1
69
-1
69
-1
69
-1
69
-1
69
-1
0.820733908441
0.110515506712
0.152063497252
0.384362049824
0.172579296441
0.0948123594257
69
-1
69
-1
69
-1
69
-1
69
-1
69
-1
69
-1
69
-1
69
-1
69
-1
69
-1
69
-1
69
-1
69
-1
69
-1
69
-1
0.549206001532
0.654779646309
0.785318315215
0.0578982477743
0.0512934888101
0.472345708975
69
-1
69
-1
69
-1
69
-1
69
-1
69
-1
69
-1
69
-1
69
-1
69
-1
69
-1
69
-1
69
-1
69
-1
69
-1
69
-1
0.74170049758
0.207865762381
0.595493580683
0.110532070241
0.898653099824
0.87354108976
69
-1
69
-1
69
-1
69
-1
69
-1
69
-1
69
-1
69
-1
69
-1
69
-1
69
-1
69
-1
69
-1
69
-1
69
-1
69
-1
0.936354507906
0.389074007348
0.0826167332324
0.817534347815
0.441386428185
0.349493041559
69
-1
69
-1
69
-1
69
-1
69
-1
69
-1
69
-1
69
-1
69
-1
69
-1
69
-1
69
-1
69
-1
69
-1
69
-1
69
-1
0.427385840054
0.709182053097
0.728067768704
0.43583132764
0.266534687479
0.150854146905
69
-1
69
-1
69
-1
69
-1
69
-1
69
-1
69
-1
69
-1
69
-1
69
-1
69
-1
69
-1
69
-1
69
-1
69
-1
69
-1
0.575894608369
0.970665597745
0.145309595496
0.719339951235
0.841282163748
0.114588532831
69
-1
69
-1
69
-1
69
-1
69
-1
69
-1
69
-1
69
-1
69
-1
69
-1
69
-1
69
-1
69
-1
69
-1
69
-1
69
-1
0.204336631874
0.946665709499
0.233145329047
0.616524744983
0.911760953265
0.711314806056
69
-1
69
-1
69
-1
69
-1
69
-1
69
-1
69
-1
69
-1
69
-1
69
-1
69
-1
69
-1
69
-1
69
-1
69
-1
69
-1
0.773053722108
0.299047210602
0.849546713749
0.138302219262
0.399955342902
0.489158349863
69
-1
69
-1
69
-1
69
-1
69
-1
69
-1
69
-1
69
-1
69
-1
69
-1
69
-1
69
-1
69
-1
69
-1
69
-1
69
-1
0.703918485195
0.0340872893648
0.0751993881491
0.368122974402
0.155651213329
0.909666831763
69
-1
69
-1
69
-1
69
-1
69
-1
69
-1
69
-1
69
-1
69
-1
69
-1
69
-1
69
-1
69
-1
69
-1
69
-1
69
-1
0.443664301262
0.589243920689
0.426141326104
0.859264458254
0.925586420908
0.900337579404
69
-1
69
-1
69
-1
69
-1
69
-1
69
-1
69
-1
69
-1
69
-1
69
-1
69
-1
69
-1
69
-1
69
-1
69
-1
69
-1
0.0811291157618
0.610896386614
0.776961208427
0.917537479458
0.556157236866
0.469918600825
69
-1
69
-1
69
-1
69
-1
69
-1
69
-1
69
-1
69
-1
69
-1
69
-1
69
-1
69
-1
69
-1
69
-1
69
-1
69
-1
0.176168367943
0.00816196251766
0.0240787579369
0.278573544281
0.720304194544
0.402257395637
69
-1
69
-1
69
-1
69
-1
69
-1
69
-1
69
-1
69
-1
69
-1
69
-1
69
-1
69
-1
69
-1
69
-1
69
-1
69
-1
0.541868839497
0.271337015168
0.973299122303
0.920350430022
0.264019255018
0.384298904754
69
-1
69
-1
69
-1
69
-1
69
-1
69
-1
69
-1
69
-1
69
-1
69
-1
69
-1
69
-1
69
-1
69
-1
69
-1
69
-1
0.10538594207
0.395291540499
0.241411962145
0.726625485227
0.312707685936
0.685886983601
69
-1
69
-1
69
-1
69
-1
69
-1
69
-1
69
-1
69
-1
69
-1
69
-1
69
-1
69
-1
69
-1
69
-1
69
-1
69
-1
0.905780099458
0.69448420868
0.439117135981
0.584813356474
0.76203587303
0.315758376715
69
-1
69
-1
69
-1
69
-1
69
-1
69
-1
69
-1
69
-1
69
-1
69
-1
69
-1
69
-1
69
-1
69
-1
69
-1
69
-1
0.883368326195
0.786673623264
0.694337546414
0.759002646295
0.0511912076457
0.812997942296
69
-1
69
-1
69
-1
69
-1
69
-1
69
-1
69
-1
69
-1
69
-1
69
-1
69
-1
69
-1
69
-1
69
-1
69
-1
69
-1
0.446629247474
0.686471161919
0.650710516403
0.423535826848
0.735754468465
0.857715305428
69
-1
69
-1
69
-1
69
-1
69
-1
69
-1
69
-1
69
-1
69
-1
69
-1
69
-1
69
-1
69
-1
69
-1
69
-1
69
-1
0.994440204509
0.0175070688986
0.914913095044
0.775065605022
0.595649156037
0.762250378521
69
-1
69
-1
69
-1
69
-1
69
-1
69
-1
69
-1
69
-1
69
-1
69
-1
69
-1
69
-1
69
-1
69
-1
69
-1
69
-1
0.348238819656
0.404502292979
0.0406062166629
0.928403697461
0.807313682776
0.516426784554
69
-1
69
-1
69
-1
69
-1
69
-1
69
-1
69
-1
69
-1
69
-1
69
-1
69
-1
69
-1
69
-1
69
-1
69
-1
69
-1
0.612606446526
0.823894632201
0.16618957958
0.570270444968
0.723071361286
0.582774034224
69
-1
69
-1
69
-1
69
-1
69
-1
69
-1
69
-1
69
-1
69
-1
69
-1
69
-1
69
-1
69
-1
69
-1
69
-1
69
-1
0.41202410991
0.146460543007
0.170389707783
0.393121686409
0.98695386146
0.914916243823
69
-1
69
-1
69
-1
69
-1
69
-1
69
-1
69
-1
69
-1
69
-1
69
-1
69
-1
69
-1
69
-1
69
-1
69
-1
69
-1
0.899604081861
0.66317414586
0.503330252279
0.642340660684
0.605173703941
0.954728146016
69
-1
69
-1
69
-1
69
-1
69
-1
69
-1
69
-1
69
-1
69
-1
69
-1
69
-1
69
-1
69
-1
69
-1
69
-1
69
-1
0.392927179191
0.391826484272
0.729224473488
0.80377926399
0.739325488289
0.159587121325
69
-1
69
-1
69
-1
69
-1
69
-1
69
-1
69
-1
69
-1
69
-1
69
-1
69
-1
69
-1
69
-1
69
-1
69
-1
69
-1
0.0415249185624
0.079932042273
0.81454524347
0.0965162644374
0.037443731569
0.657562629238
69
-1
69
-1
69
-1
69
-1
69
-1
69
-1
69
-1
69
-1
69
-1
69
-1
69
-1
69
-1
69
-1
69
-1
69
-1
69
-1
0.975060632781
0.614144411863
0.821339847322
0.159231838109
0.574122551749
0.875391676903
69
-1
69
-1
69
-1
69
-1
69
-1
69
-1
69
-1
69
-1
69
-1
69
-1
69
-1
69
-1
69
-1
69
-1
69
-1
69
-1
0.865528955643
0.17159557605
0.828717318213
0.39805085828
0.512477448518
0.797251191475
69
-1
69
-1
69
-1
69
-1
69
-1
69
-1
69
-1
69
-1
69
-1
69
-1
69
-1
69
-1
69
-1
69
-1
69
-1
69
-1
0.668253467764
0.325976874904
0.855965219963
0.930771132029
0.808548240002
0.0497968268112
69
-1
69
-1
69
-1
69
-1
69
-1
69
-1
69
-1
69
-1
69
-1
69
-1
69
-1
69
-1
69
-1
69
-1
69
-1
69
-1
0.281170007205
0.304993186827
0.932542112635
0.94672897278
0.784579755771
0.458634088808
69
-1
69
-1
69
-1
69
-1
69
-1
69
-1
69
-1
69
-1
69
-1
69
-1
69
-1
69
-1
69
-1
69
-1
69
-1
69
-1
0.117234169039
0.9638074461
0.223470317618
0.641162579249
0.778481275779
0.50970676915
69
-1
69
-1
69
-1
69
-1
69
-1
69
-1
69
-1
69
-1
69
-1
69
-1
69
-1
69
-1
69
-1
69
-1
69
-1
69
-1
0.672173598076
0.274784349753
0.373229855689
0.759466929897
0.211034665469
0.922333111022
69
-1
69
-1
69
-1
69
-1
69
-1
69
-1
69
-1
69
-1
69
-1
69
-1
69
-1
69
-1
69
-1
69
-1
69
-1
69
-1
