0
2
-2
0.134364244112
0.847433736937
0.763774618977
0.255069025739
0.495435087092
0.449491064789
1
2
1
3
1
6
0
4
0
5
0
1
0
7
69
-1
69
-1
69
-1
69
-1
69
-1
69
-1
69
-1
69
-1
69
-1
0.651592972723
0.788723351136
0.0938595867742
0.028347476522
0.83576510392
0.432767067905
69
-1
69
-1
69
-1
69
-1
69
-1
69
-1
69
-1
69
-1
69
-1
69
-1
69
-1
69
-1
69
-1
69
-1
69
-1
69
-1
0.762280082458
0.00210605335111
0.445387194055
0.721540032341
0.22876222127
0.945270695554
69
-1
69
-1
69
-1
69
-1
69
-1
69
-1
69
-1
69
-1
69
-1
69
-1
69
-1
69
-1
69
-1
69
-1
69
-1
69
-1
0.901427457611
0.0305899830336
0.0254458609935
0.541412472793
0.939149162779
0.381204237688
69
-1
69
-1
69
-1
69
-1
69
-1
69
-1
69
-1
69
-1
69
-1
69
-1
69
-1
69
-1
69
-1
69
-1
69
-1
69
-1
0.216599397131
0.422116575583
0.0290407875749
0.221691666273
0.437887593651
0.495812241382
-1
9
69
-1
69
-1
69
-1
69
-1
69
-1
69
-1
69
-1
69
-1
69
-1
69
-1
69
-1
69
-1
69
-1
69
-1
69
-1
0.233084450258
0.230866541541
0.218781037338
0.459603465738
0.28978161459
0.0214897052659
69
-1
69
-1
69
-1
69
-1
69
-1
69
-1
69
-1
69
-1
69
-1
69
-1
69
-1
69
-1
69
-1
69
-1
69
-1
69
-1
0.837577975663
0.556454322652
0.642294362932
0.185906265895
0.992543412176
0.859946528795
0
8
69
-1
69
-1
69
-1
69
-1
69
-1
69
-1
69
-1
69
-1
69
-1
69
-1
69
-1
69
-1
69
-1
69
-1
69
-1
0.120889959806
0.33269518536
0.721484407583
0.711191769695
0.936440586799
0.422106999961
69
-1
69
-1
69
-1
69
-1
69
-1
69
-1
69
-1
69
-1
69
-1
69
-1
69
-1
69
-1
69
-1
69
-1
69
-1
69
-1
0.830035693274
0.670305566414
0.303368510933
0.587580606144
0.882479000832
0.846197418428
69
-1
69
-1
69
-1
69
-1
69
-1
69
-1
69
-1
69
-1
69
-1
69
-1
69
-1
69
-1
69
-1
69
-1
69
-1
69
-1
0.50528382058
0.589002257983
0.0345258301513
0.242739973543
0.797404247554
0.414313999301
69
-1
69
-1
69
-1
69
-1
69
-1
69
-1
69
-1
69
-1
69
-1
69
-1
69
-1
69
-1
69
-1
69
-1
69
-1
69
-1
