11
2
-3
0.134364244112
0.847433736937
0.763774618977
0.255069025739
0.495435087092
0.449491064789
1
6
1
3
1
2
0
1
0
11
0
10
0
32
0
28
0
7
0
20
0
18
0
4
0
19
0
13
0
5
-1
24
0.651592972723
0.788723351136
0.0938595867742
0.028347476522
0.83576510392
0.432767067905
-1
9
-1
55
-1
58
69
-1
69
-1
69
-1
69
-1
69
-1
69
-1
69
-1
69
-1
69
-1
69
-1
69
-1
69
-1
69
-1
0.762280082458
0.00210605335111
0.445387194055
0.721540032341
0.22876222127
0.945270695554
0
16
0
25
0
42
0
8
0
21
0
17
0
86
0
53
-1
50
69
-1
69
-1
69
-1
69
-1
69
-1
69
-1
69
-1
0.901427457611
0.0305899830336
0.0254458609935
0.541412472793
0.939149162779
0.381204237688
0
38
0
40
0
33
0
26
0
30
0
44
69
-1
69
-1
69
-1
69
-1
69
-1
69
-1
69
-1
69
-1
69
-1
69
-1
0.216599397131
0.422116575583
0.0290407875749
0.221691666273
0.437887593651
0.495812241382
-1
22
-1
61
69
-1
69
-1
69
-1
69
-1
69
-1
69
-1
69
-1
69
-1
69
-1
69
-1
69
-1
69
-1
69
-1
69
-1
0.233084450258
0.230866541541
0.218781037338
0.459603465738
0.28978161459
0.0214897052659
-1
43
-1
23
69
-1
69
-1
69
-1
69
-1
69
-1
69
-1
69
-1
69
-1
69
-1
69
-1
69
-1
69
-1
69
-1
69
-1
0.837577975663
0.556454322652
0.642294362932
0.185906265895
0.992543412176
0.859946528795
0
14
0
65
0
46
0
78
0
15
0
60
0
39
0
45
0
69
69
-1
69
-1
69
-1
69
-1
69
-1
69
-1
69
-1
0.120889959806
0.33269518536
0.721484407583
0.711191769695
0.936440586799
0.422106999961
69
-1
69
-1
69
-1
69
-1
69
-1
69
-1
69
-1
69
-1
69
-1
69
-1
69
-1
69
-1
69
-1
69
-1
69
-1
69
-1
0.830035693274
0.670305566414
0.303368510933
0.587580606144
0.882479000832
0.846197418428
-1
82
69
-1
69
-1
69
-1
69
-1
69
-1
69
-1
69
-1
69
-1
69
-1
69
-1
69
-1
69
-1
69
-1
69
-1
69
-1
0.50528382058
0.589002257983
0.0345258301513
0.242739973543
0.797404247554
0.414313999301
69
-1
69
-1
69
-1
69
-1
69
-1
69
-1
69
-1
69
-1
69
-1
69
-1
69
-1
69
-1
69
-1
69
-1
69
-1
69
-1
0.173007401579
0.548798761388
0.703040762066
0.674485830502
0.374703020502
0.438961630045
-1
27
-1
34
-1
12
69
-1
69
-1
69
-1
69
-1
69
-1
69
-1
69
-1
69
-1
69
-1
69
-1
69
-1
69
-1
69
-1
0.50842648825
0.778442615
0.520938417613
0.393255094964
0.489693520462
0.0295749639669
-1
54
-1
51
-2
84
69
-1
69
-1
69
-1
69
-1
69
-1
69
-1
69
-1
69
-1
69
-1
69
-1
69
-1
69
-1
69
-1
0.0434872903565
0.703382088604
0.98318771731
0.59318373038
0.393599686378
0.170349196856
69
-1
69
-1
69
-1
69
-1
69
-1
69
-1
69
-1
69
-1
69
-1
69
-1
69
-1
69
-1
69
-1
69
-1
69
-1
69
-1
0.502238558433
0.982076637539
0.770523139831
0.53961744845
0.860289778921
0.232176128063
-1
80
-1
76
69
-1
69
-1
69
-1
69
-1
69
-1
69
-1
69
-1
69
-1
69
-1
69
-1
69
-1
69
-1
69
-1
69
-1
0.513771663188
0.952467388268
0.577794807801
0.459131731911
0.269279477441
0.547996309466
-1
31
-1
88
-1
85
-1
49
69
-1
69
-1
69
-1
69
-1
69
-1
69
-1
69
-1
69
-1
69
-1
69
-1
69
-1
69
-1
0.95711628146
0.00570912945039
0.783655232615
0.820485911925
0.886179580826
0.740503411833
-1
52
-1
35
69
-1
69
-1
69
-1
69
-1
69
-1
69
-1
69
-1
69
-1
69
-1
69
-1
69
-1
69
-1
69
-1
69
-1
0.809139900872
0.518678283523
0.561357864778
0.426090679688
0.0561232975207
0.870010155177
-1
67
69
-1
69
-1
69
-1
69
-1
69
-1
69
-1
69
-1
69
-1
69
-1
69
-1
69
-1
69
-1
69
-1
69
-1
69
-1
0.569999333876
0.199839420177
0.504720467429
0.484925112228
0.356789964545
0.346077919018
-1
83
-1
87
-1
64
-1
73
-1
68
69
-1
69
-1
69
-1
69
-1
69
-1
69
-1
69
-1
69
-1
69
-1
69
-1
69
-1
0.538478795738
0.623489452798
0.612452464783
0.4581468001
0.0279749840838
0.229605031277
-1
48
69
-1
69
-1
69
-1
69
-1
69
-1
69
-1
69
-1
69
-1
69
-1
69
-1
69
-1
69
-1
69
-1
69
-1
69
-1
0.177211258939
0.584460870778
0.861008860853
0.798438940577
0.797097562635
0.816437370561
-1
36
-1
79
-1
81
-1
62
69
-1
69
-1
69
-1
69
-1
69
-1
69
-1
69
-1
69
-1
69
-1
69
-1
69
-1
69
-1
0.255294040087
0.841744832274
0.673113525439
0.0832341378039
0.0166906301156
0.0145599749248
-1
29
69
-1
69
-1
69
-1
69
-1
69
-1
69
-1
69
-1
69
-1
69
-1
69
-1
69
-1
69
-1
69
-1
69
-1
69
-1
0.755586775252
0.249559225653
0.109488627294
0.624802084152
0.344422864096
0.0695153785308
-1
41
69
-1
69
-1
69
-1
69
-1
69
-1
69
-1
69
-1
69
-1
69
-1
69
-1
69
-1
69
-1
69
-1
69
-1
69
-1
0.159625524694
0.527380399048
0.168144946222
0.272914436819
0.711589927185
0.454701630046
69
-1
69
-1
69
-1
69
-1
69
-1
69
-1
69
-1
69
-1
69
-1
69
-1
69
-1
69
-1
69
-1
69
-1
69
-1
69
-1
0.322001766387
0.47377101417
0.023634577632
0.386557104761
0.420918679209
0.188039304751
69
-1
69
-1
69
-1
69
-1
69
-1
69
-1
69
-1
69
-1
69
-1
69
-1
69
-1
69
-1
69
-1
69
-1
69
-1
69
-1
0.108761692445
0.899818500356
0.510115980929
0.209090992552
0.605648640034
0.817039668378
69
-1
69
-1
69
-1
69
-1
69
-1
69
-1
69
-1
69
-1
69
-1
69
-1
69
-1
69
-1
69
-1
69
-1
69
-1
69
-1
0.0208181085093
0.0178645208278
0.146461740399
0.718835472762
0.16022759263
0.704605627852
-1
72
69
-1
69
-1
69
-1
69
-1
69
-1
69
-1
69
-1
69
-1
69
-1
69
-1
69
-1
69
-1
69
-1
69
-1
69
-1
0.678175795277
0.544702163579
0.220599748023
0.975594517818
0.797810857706
0.516599516949
69
-1
69
-1
69
-1
69
-1
69
-1
69
-1
69
-1
69
-1
69
-1
69
-1
69
-1
69
-1
69
-1
69
-1
69
-1
69
-1
0.223195780247
0.648506418099
0.394898009858
0.575845962788
0.321245809345
0.630947861271
69
-1
69
-1
69
-1
69
-1
69
-1
69
-1
69
-1
69
-1
69
-1
69
-1
69
-1
69
-1
69
-1
69
-1
69
-1
69
-1
0.0587851162065
0.298605949623
0.967903310151
0.875534244235
0.306386620333
0.858514406357
69
-1
69
-1
69
-1
69
-1
69
-1
69
-1
69
-1
69
-1
69
-1
69
-1
69
-1
69
-1
69
-1
69
-1
69
-1
69
-1
0.310363627353
0.939288432135
0.743842118667
0.416172262765
0.25235810228
0.00848026246367
69
-1
69
-1
69
-1
69
-1
69
-1
69
-1
69
-1
69
-1
69
-1
69
-1
69
-1
69
-1
69
-1
69
-1
69
-1
69
-1
0.878717898209
0.0379165305986
0.819414110613
0.962201125181
0.570280570245
0.171517095178
-1
77
69
-1
69
-1
69
-1
69
-1
69
-1
69
-1
69
-1
69
-1
69
-1
69
-1
69
-1
69
-1
69
-1
69
-1
69
-1
0.867781064435
0.97377523616
0.70402314233
0.508873746078
0.377968834344
0.346930884563
69
-1
69
-1
69
-1
69
-1
69
-1
69
-1
69
-1
69
-1
69
-1
69
-1
69
-1
69
-1
69
-1
69
-1
69
-1
69
-1
0.205761757295
0.674153014247
0.4329501211
0.194118644985
0.104424222842
0.665957528279
-1
37
-1
75
69
-1
69
-1
69
-1
69
-1
69
-1
69
-1
69
-1
69
-1
69
-1
69
-1
69
-1
69
-1
69
-1
69
-1
0.296072673083
0.499799922237
0.325345654876
0.871621507424
0.899678269635
0.0180929836405
69
-1
69
-1
69
-1
69
-1
69
-1
69
-1
69
-1
69
-1
69
-1
69
-1
69
-1
69
-1
69
-1
69
-1
69
-1
69
-1
0.200853011441
0.327740705096
0.987049717928
0.782700375729
0.339095647851
0.213029796381
69
-1
69
-1
69
-1
69
-1
69
-1
69
-1
69
-1
69
-1
69
-1
69
-1
69
-1
69
-1
69
-1
69
-1
69
-1
69
-1
0.910987783508
0.212968194991
0.759116182716
0.600208830132
0.841132195706
0.368107999406
69
-1
69
-1
69
-1
69
-1
69
-1
69
-1
69
-1
69
-1
69
-1
69
-1
69
-1
69
-1
69
-1
69
-1
69
-1
69
-1
0.340285235002
0.291215287411
0.867419823587
0.603982528892
0.954307457172
0.887265104717
69
-1
69
-1
69
-1
69
-1
69
-1
69
-1
69
-1
69
-1
69
-1
69
-1
69
-1
69
-1
69
-1
69
-1
69
-1
69
-1
0.135345977395
0.551170474069
0.104274998015
0.0391377985969
0.0731934188323
0.866168357367
69
-1
69
-1
69
-1
69
-1
69
-1
69
-1
69
-1
69
-1
69
-1
69
-1
69
-1
69
-1
69
-1
69
-1
69
-1
69
-1
0.788116448725
0.828505971469
0.340897464117
0.615186032559
0.781903601633
0.378039628838
-1
66
-1
71
69
-1
69
-1
69
-1
69
-1
69
-1
69
-1
69
-1
69
-1
69
-1
69
-1
69
-1
69
-1
69
-1
69
-1
0.570781525599
0.223714072749
0.0817432623524
0.266723642982
0.890768127855
0.56444683324
-1
47
69
-1
69
-1
69
-1
69
-1
69
-1
69
-1
69
-1
69
-1
69
-1
69
-1
69
-1
69
-1
69
-1
69
-1
69
-1
0.925067202108
0.457769259041
0.277182766108
0.78701466356
0.827768156646
0.0123817444867
69
-1
69
-1
69
-1
69
-1
69
-1
69
-1
69
-1
69
-1
69
-1
69
-1
69
-1
69
-1
69
-1
69
-1
69
-1
69
-1
0.670411639024
0.0916831226165
0.115102498428
0.88506007038
0.0400235368902
0.239633364868
69
-1
69
-1
69
-1
69
-1
69
-1
69
-1
69
-1
69
-1
69
-1
69
-1
69
-1
69
-1
69
-1
69
-1
69
-1
69
-1
0.988158498606
0.42101358743
0.115558180592
0.167383437461
0.241420285098
0.744006416537
-1
63
69
-1
69
-1
69
-1
69
-1
69
-1
69
-1
69
-1
69
-1
69
-1
69
-1
69
-1
69
-1
69
-1
69
-1
69
-1
0.253410136041
0.477010095972
0.10012914395
0.652050199489
0.0396202134137
0.0105061515187
69
-1
69
-1
69
-1
69
-1
69
-1
69
-1
69
-1
69
-1
69
-1
69
-1
69
-1
69
-1
69
-1
69
-1
69
-1
69
-1
0.98258362655
0.295549860049
0.596570643188
0.44984453463
0.313280861069
0.0629647900476
69
-1
69
-1
69
-1
69
-1
69
-1
69
-1
69
-1
69
-1
69
-1
69
-1
69
-1
69
-1
69
-1
69
-1
69
-1
69
-1
0.913392017166
0.969813276838
0.969796504496
0.111362310127
0.215193270036
0.617806880012
69
-1
69
-1
69
-1
69
-1
69
-1
69
-1
69
-1
69
-1
69
-1
69
-1
69
-1
69
-1
69
-1
69
-1
69
-1
69
-1
0.97995288589
0.542913197485
0.688189808048
0.661834428875
0.259085991854
0.541602262913
-1
59
69
-1
69
-1
69
-1
69
-1
69
-1
69
-1
69
-1
69
-1
69
-1
69
-1
69
-1
69
-1
69
-1
69
-1
69
-1
0.307321117813
0.246381196085
0.0813687653838
0.280786723565
0.983376717219
0.447902240533
-2
57
69
-1
69
-1
69
-1
69
-1
69
-1
69
-1
69
-1
69
-1
69
-1
69
-1
69
-1
69
-1
69
-1
69
-1
69
-1
0.652010534513
0.64346608027
0.940734522249
0.390478551139
0.306784294852
0.327241414687
-2
56
69
-1
69
-1
69
-1
69
-1
69
-1
69
-1
69
-1
69
-1
69
-1
69
-1
69
-1
69
-1
69
-1
69
-1
69
-1
0.316735146886
0.847134765826
0.893500245522
0.302809329673
0.334333405651
0.544225414182
69
-1
69
-1
69
-1
69
-1
69
-1
69
-1
69
-1
69
-1
69
-1
69
-1
69
-1
69
-1
69
-1
69
-1
69
-1
69
-1
0.551204754916
0.0709163675395
0.0751297922545
0.635382093563
0.290821550419
0.792184757882
69
-1
69
-1
69
-1
69
-1
69
-1
69
-1
69
-1
69
-1
69
-1
69
-1
69
-1
69
-1
69
-1
69
-1
69
-1
69
-1
0.49326104275
0.86264897778
0.154179596163
0.501429585947
0.794983493746
0.0771069862639
69
-1
69
-1
69
-1
69
-1
69
-1
69
-1
69
-1
69
-1
69
-1
69
-1
69
-1
69
-1
69
-1
69
-1
69
-1
69
-1
0.949227948973
0.173242108372
0.776208982986
0.984895871144
0.821550144744
0.319784002793
69
-1
69
-1
69
-1
69
-1
69
-1
69
-1
69
-1
69
-1
69
-1
69
-1
69
-1
69
-1
69
-1
69
-1
69
-1
69
-1
0.910481674393
0.0317599458973
0.316068677761
0.903088283714
0.803856280984
0.907153766997
69
-1
69
-1
69
-1
69
-1
69
-1
69
-1
69
-1
69
-1
69
-1
69
-1
69
-1
69
-1
69
-1
69
-1
69
-1
69
-1
0.840718522247
0.746184885405
0.6895951793
0.178154865644
0.432638000976
0.157896943752
69
-1
69
-1
69
-1
69
-1
69
-1
69
-1
69
-1
69
-1
69
-1
69
-1
69
-1
69
-1
69
-1
69
-1
69
-1
69
-1
0.714824451969
0.667778739686
0.252586407794
0.0644141933477
0.963385883322
0.808252628372
69
-1
69
-1
69
-1
69
-1
69
-1
69
-1
69
-1
69
-1
69
-1
69
-1
69
-1
69
-1
69
-1
69
-1
69
-1
69
-1
0.549269931393
0.541377651985
0.851292666331
0.453309677622
0.395710444721
0.338669144895
69
-1
69
-1
69
-1
69
-1
69
-1
69
-1
69
-1
69
-1
69
-1
69
-1
69
-1
69
-1
69
-1
69
-1
69
-1
69
-1
0.354943443686
0.138284113955
0.125129015285
0.259112968916
0.828934380985
0.397797313065
69
-1
69
-1
69
-1
69
-1
69
-1
69
-1
69
-1
69
-1
69
-1
69
-1
69
-1
69
-1
69
-1
69
-1
69
-1
69
-1
0.401082151921
0.612444922993
0.233529653296
0.00747717304213
0.528701739887
0.500899619557
69
-1
69
-1
69
-1
69
-1
69
-1
69
-1
69
-1
69
-1
69
-1
69
-1
69
-1
69
-1
69
-1
69
-1
69
-1
69
-1
0.648839592341
0.438316955642
0.686513130658
0.731421949161
0.238374675162
0.495072250716
69
-1
69
-1
69
-1
69
-1
69
-1
69
-1
69
-1
69
-1
69
-1
69
-1
69
-1
69
-1
69
-1
69
-1
69
-1
69
-1
0.478826887582
0.225062085039
0.412246132917
0.560407434488
0.906939504506
0.917706583838
-1
70
-1
74
69
-1
69
-1
69
-1
69
-1
69
-1
69
-1
69
-1
69
-1
69
-1
69
-1
69
-1
69
-1
69
-1
69
-1
0.275225363466
0.646415175643
0.0481973433614
0.0715513882279
0.5116917092
0.877424078946
69
-1
69
-1
69
-1
69
-1
69
-1
69
-1
69
-1
69
-1
69
-1
69
-1
69
-1
69
-1
69
-1
69
-1
69
-1
69
-1
0.371614330748
0.701282662908
0.736418116575
0.594577804841
0.856277138913
0.896604371116
69
-1
69
-1
69
-1
69
-1
69
-1
69
-1
69
-1
69
-1
69
-1
69
-1
69
-1
69
-1
69
-1
69
-1
69
-1
69
-1
0.960078816965
0.571232694218
0.176275895206
0.250595408877
0.217618688507
0.569517349598
69
-1
69
-1
69
-1
69
-1
69
-1
69
-1
69
-1
69
-1
69
-1
69
-1
69
-1
69
-1
69
-1
69
-1
69
-1
69
-1
0.757750114666
0.0521332211422
0.681636455607
0.717153263368
0.347981507957
0.515055804293
69
-1
69
-1
69
-1
69
-1
69
-1
69
-1
69
-1
69
-1
69
-1
69
-1
69
-1
69
-1
69
-1
69
-1
69
-1
69
-1
0.267526244647
0.912862890092
0.959438837877
0.139126159021
0.775757250316
0.841930858544
69
-1
69
-1
69
-1
69
-1
69
-1
69
-1
69
-1
69
-1
69
-1
69
-1
69
-1
69
-1
69
-1
69
-1
69
-1
69
-1
0.659717356314
0.700407766417
0.445058732115
0.924307802625
0.971207528196
0.38235331282
69
-1
69
-1
69
-1
69
-1
69
-1
69
-1
69
-1
69
-1
69
-1
69
-1
69
-1
69
-1
69
-1
69
-1
69
-1
69
-1
0.8027115308
0.432921591381
0.164754218683
0.325467276857
0.126330074835
0.908884759903
69
-1
69
-1
69
-1
69
-1
69
-1
69
-1
69
-1
69
-1
69
-1
69
-1
69
-1
69
-1
69
-1
69
-1
69
-1
69
-1
0.959424080044
0.119186732406
0.600679081187
0.408224097709
0.118090031002
0.295475514812
69
-1
69
-1
69
-1
69
-1
69
-1
69
-1
69
-1
69
-1
69
-1
69
-1
69
-1
69
-1
69
-1
69
-1
69
-1
69
-1
0.627526588537
0.605627538579
0.835332350883
0.206605815685
0.284781613562
0.542339430753
69
-1
69
-1
69
-1
69
-1
69
-1
69
-1
69
-1
69
-1
69
-1
69
-1
69
-1
69
-1
69
-1
69
-1
69
-1
69
-1
0.273225697213
0.585738083403
0.25088222945
0.683527152586
0.791090718368
0.808654620164
69
-1
69
-1
69
-1
69
-1
69
-1
69
-1
69
-1
69
-1
69
-1
69
-1
69
-1
69
-1
69
-1
69
-1
69
-1
69
-1
0.97361610955
0.545377003826
0.490809279829
0.855697699799
0.769067385859
0.570544629387
69
-1
69
-1
69
-1
69
-1
69
-1
69
-1
69
-1
69
-1
69
-1
69
-1
69
-1
69
-1
69
-1
69
-1
69
-1
69
-1
0.383256384766
0.284047445734
0.108139208734
0.807549089373
0.118071530531
0.747265234688
69
-1
69
-1
69
-1
69
-1
69
-1
69
-1
69
-1
69
-1
69
-1
69
-1
69
-1
69
-1
69
-1
69
-1
69
-1
69
-1
0.572578287165
0.311251457312
0.503032488206
0.356818763603
0.528393971351
0.00084471794889
69
-1
69
-1
69
-1
69
-1
69
-1
69
-1
69
-1
69
-1
69
-1
69
-1
69
-1
69
-1
69
-1
69
-1
69
-1
69
-1
0.442314332112
0.449552143739
0.304799188221
0.399402747597
0.783087311172
0.683412883963
69
-1
69
-1
69
-1
69
-1
69
-1
69
-1
69
-1
69
-1
69
-1
69
-1
69
-1
69
-1
69
-1
69
-1
69
-1
69
-1
0.492299132892
0.647668241842
0.377558211851
0.203914050437
0.00387565787756
0.277621251609
69
-1
69
-1
69
-1
69
-1
69
-1
69
-1
69
-1
69
-1
69
-1
69
-1
69
-1
69
-1
69
-1
69
-1
69
-1
69
-1
0.598164198714
0.881662933071
0.829421249989
0.510960207871
0.987018145049
0.46158097387
69
-1
69
-1
69
-1
69
-1
69
-1
69
-1
69
-1
69
-1
69
-1
69
-1
69
-1
69
-1
69
-1
69
-1
69
-1
69
-1
0.834593486167
0.408965341281
0.744630617739
0.987591691223
0.305336592368
0.170312825213
69
-1
69
-1
69
-1
69
-1
69
-1
69
-1
69
-1
69
-1
69
-1
69
-1
69
-1
69
-1
69
-1
69
-1
69
-1
69
-1
0.620033708728
0.530956180374
0.359422031985
0.00351924209705
0.38916264161
0.425869472104
69
-1
69
-1
69
-1
69
-1
69
-1
69
-1
69
-1
69
-1
69
-1
69
-1
69
-1
69
-1
69
-1
69
-1
69
-1
69
-1
0.405252071738
0.861245308978
0.584428027082
0.733830792453
0.897909171637
0.748773463575
69
-1
69
-1
69
-1
69
-1
69
-1
69
-1
69
-1
69
-1
69
-1
69
-1
69
-1
69
-1
69
-1
69
-1
69
-1
69
-1
0.492702051905
0.745768340287
0.640355400495
0.648745434663
0.629675358689
0.406998974988
69
-1
69
-1
69
-1
69
-1
69
-1
69
-1
69
-1
69
-1
69
-1
69
-1
69
-1
69
-1
69
-1
69
-1
69
-1
69
-1
0.629262031288
0.633732510946
0.937117959539
0.782473685371
0.846268066601
0.767499790143
69
-1
69
-1
69
-1
69
-1
69
-1
69
-1
69
-1
69
-1
69
-1
69
-1
69
-1
69
-1
69
-1
69
-1
69
-1
69
-1
0.815325861991
0.60546239473
0.349450088387
0.264583258318
0.708020027065
0.873942074813
69
-1
69
-1
69
-1
69
-1
69
-1
69
-1
69
-1
69
-1
69
-1
69
-1
69
-1
69
-1
69
-1
69
-1
69
-1
69
-1
0.544246757803
0.152069966958
0.832975285197
0.484543078911
0.467102628278
0.0453880598457
69
-1
69
-1
69
-1
69
-1
69
-1
69
-1
69
-1
69
-1
69
-1
69
-1
69
-1
69
-1
69
-1
69
-1
69
-1
69
-1
0.51028092279
0.744747665455
0.422597811146
0.355177313589
0.656843538899
0.0197413873981
69
-1
69
-1
69
-1
69
-1
69
-1
69
-1
69
-1
69
-1
69
-1
69
-1
69
-1
69
-1
69
-1
69
-1
69
-1
69
-1
0.507163596975
0.946127095533
0.690447591938
0.401923728257
0.688908236293
0.604993919316
69
-1
69
-1
69
-1
69
-1
69
-1
69
-1
69
-1
69
-1
69
-1
69
-1
69
-1
69
-1
69
-1
69
-1
69
-1
69
-1
0.208889391483
0.20770833073
0.886025289699
0.269069210206
0.0748847775101
0.830677590596
69
-1
69
-1
69
-1
69
-1
69
-1
69
-1
69
-1
69
-1
69
-1
69
-1
69
-1
69
-1
69
-1
69
-1
69
-1
69
-1
0.523197767576
0.368208165973
0.511518922133
0.736725688351
0.168553607888
0.653066998237
69
-1
69
-1
69
-1
69
-1
69
-1
69
-1
69
-1
69
-1
69
-1
69
-1
69
-1
69
-1
69
-1
69
-1
69
-1
69
-1
0.7134369984
0.815003443928
0.269760633676
0.609666330664
0.232113878373
0.56104467362
69
-1
69
-1
69
-1
69
-1
69
-1
69
-1
69
-1
69
-1
69
-1
69
-1
69
-1
69
-1
69
-1
69
-1
69
-1
69
-1
