C SIMULATION ***********************
Parameters: n_query=1 | n_points_real=700
Query generated
Build cover tree of 700 6D-points
==== Test (PYTHON) 1-nearest neighbors cover tree query ====
Querys:  1
Query # 0
[0.784787, 0.145394, 0.000533, 0.857641, 0.218492, 0.573228]
L: 2
CoverSet
0
CoverSet+Children
0
C: 0 | 1.397694032805872
C2:  0 1.397694032805872
C3:  0 1.397694032805872
L: 1
CoverSet
0
CoverSet+Children
0
2
3
6
72
114
280
C: 2 | 0.6131704242035771
C2:  3 0.8268167646352296
C3:  114 0.9746960823527644
L: 0
CoverSet
0
2
3
6
72
114
280
CoverSet+Children
0
2
3
6
72
114
280
1
5
7
10
11
13
17
18
20
28
32
35
36
45
53
57
62
77
82
96
99
113
116
126
137
139
143
154
207
214
221
249
267
376
462
490
565
578
8
25
26
44
49
58
78
105
112
118
121
123
199
446
4
15
21
30
33
40
42
47
144
363
14
16
19
41
48
66
109
127
165
186
288
316
675
681
162
178
257
275
403
472
203
253
332
545
690
293
349
369
432
496
659
C: 112 | 0.39401757856022196
C2:  121 0.5403917512453605
C3:  316 0.5603729470086765
L: -1
CoverSet
2
3
6
72
114
280
1
5
7
10
11
17
18
28
32
36
45
53
62
77
82
96
113
116
126
137
139
143
154
207
214
221
249
267
376
578
8
25
26
44
49
58
78
105
112
118
121
123
199
446
4
15
21
30
33
40
42
47
144
363
14
16
19
41
66
109
127
165
186
316
675
162
178
257
275
203
253
332
545
690
293
349
369
432
496
659
CoverSet+Children
2
3
6
72
114
280
1
5
7
10
11
17
18
28
32
36
45
53
62
77
82
96
113
116
126
137
139
143
154
207
214
221
249
267
376
578
8
25
26
44
49
58
78
105
112
118
121
123
199
446
4
15
21
30
33
40
42
47
144
363
14
16
19
41
66
109
127
165
186
316
675
162
178
257
275
203
253
332
545
690
293
349
369
432
496
659
54
198
479
635
637
662
173
92
164
397
459
487
504
583
669
391
477
629
640
354
457
372
411
453
577
9
60
64
285
326
395
561
595
607
645
648
665
46
168
282
527
562
106
211
215
260
278
491
515
12
27
34
104
130
167
196
276
321
330
336
412
437
601
611
644
55
59
83
101
206
247
71
76
97
125
181
258
388
699
51
65
135
191
398
501
195
270
522
39
85
131
147
183
212
223
248
281
415
513
650
107
171
393
406
493
654
88
216
284
355
383
408
483
530
93
219
528
177
192
231
307
339
499
205
241
312
324
485
549
688
693
120
295
224
569
160
208
417
455
520
678
174
236
302
559
663
297
301
464
425
489
612
692
179
197
238
266
271
350
362
449
544
564
230
226
244
254
419
685
351
413
427
265
313
342
442
514
543
660
356
664
492
661
80
133
146
148
170
202
229
237
318
328
392
467
478
651
81
587
670
142
149
189
218
240
365
381
625
70
246
279
445
243
305
436
474
542
421
591
153
263
346
348
454
458
465
596
617
691
159
217
541
256
420
156
169
274
389
471
608
614
210
503
277
323
422
686
451
494
531
679
484
538
22
23
67
152
172
188
340
368
429
597
620
627
639
37
370
438
476
579
623
672
43
128
460
535
539
634
642
56
87
102
110
157
456
568
636
122
129
176
232
272
308
358
409
74
100
111
175
213
262
264
299
343
441
463
547
633
673
163
364
407
683
239
310
155
251
283
329
341
533
375
518
523
552
609
653
31
90
98
185
291
440
461
581
696
75
119
506
509
38
69
89
91
132
209
322
468
553
584
615
50
84
138
184
228
233
261
269
309
517
593
602
667
79
124
245
290
480
287
371
399
488
555
643
658
150
201
481
187
235
430
655
334
335
359
405
580
590
632
652
666
352
641
222
304
390
204
521
526
585
373
575
628
286
423
386
426
571
444
676
396
414
682
582
697
C: 112 | 0.39401757856022196
C2:  54 0.41017668332931323
C3:  43 0.41590976166974897
L: -2
CoverSet
2
3
17
214
267
25
26
44
49
58
112
118
121
199
446
21
16
316
332
432
659
54
198
479
635
637
662
173
477
457
372
46
168
282
562
130
71
76
97
125
181
258
388
65
398
107
216
284
408
483
226
244
254
342
442
356
80
170
202
229
81
587
142
149
189
218
70
279
445
243
421
159
217
256
420
169
274
471
608
614
210
503
451
494
484
23
172
188
368
620
623
43
128
460
535
539
634
642
110
157
636
129
176
100
213
264
163
239
310
98
75
184
261
309
124
399
555
187
235
430
352
641
222
521
628
444
414
697
CoverSet+Children
2
3
17
214
267
25
26
44
49
58
112
118
121
199
446
21
16
316
332
432
659
54
198
479
635
637
662
173
477
457
372
46
168
282
562
130
71
76
97
125
181
258
388
65
398
107
216
284
408
483
226
244
254
342
442
356
80
170
202
229
81
587
142
149
189
218
70
279
445
243
421
159
217
256
420
169
274
471
608
614
210
503
451
494
484
23
172
188
368
620
623
43
128
460
535
539
634
642
110
157
636
129
176
100
213
264
163
239
310
98
75
184
261
309
124
399
555
187
235
430
352
641
222
521
628
444
414
697
402
668
166
589
103
296
519
656
443
604
314
387
695
220
319
294
684
431
657
466
646
344
400
626
193
452
385
647
418
567
605
367
600
630
599
439
671
194
268
227
C: 296 | 0.31134797466997605
C2:  112 0.39401757856022196
C3:  103 0.39728903314815306
L: -3
CoverSet
112
121
316
54
81
421
256
210
451
494
43
460
641
103
296
519
656
431
657
452
CoverSet+Children
112
121
316
54
81
421
256
210
451
494
43
460
641
103
296
519
656
431
657
452
374
C: 296 | 0.31134797466997605
C2:  112 0.39401757856022196
C3:  103 0.39728903314815306
L: -4
CoverSet
112
54
43
103
296
656
CoverSet+Children
112
54
43
103
296
656
C: 296 | 0.31134797466997605
C2:  112 0.39401757856022196
C3:  103 0.39728903314815306
OK!
[(0.6273041974919829, 0.13519103945132172, 0.07968885311972473, 0.6120383236846554, 0.23542837318742715, 0.6450574048996918)]
==== TEST (C++) 
Considering 700 points!
Golden results parsed
Generation ok
7000x55d26e4a50000x7ff4966e00000x55d26e4a40000x55d26e4a30002-41
7000x55d26e4a50000x7ff4966e00000x55d26e4a40000x55d26e4a30002-41
bmap: 
Max children: 54
L: 2
CoverSet
0
CoverSet+Children
0
C: 0 | 1.39769
(0.134364, 0.847434, 0.763775, 0.255069, 0.495435, 0.449491)
L: 1
CoverSet
0
CoverSet+Children
0
2
3
6
72
114
280
C: 2 | 0.613171
(0.76228, 0.00210605, 0.445387, 0.72154, 0.228762, 0.945271)
L: 0
CoverSet
0
2
3
6
72
114
280
CoverSet+Children
0
2
3
6
72
114
280
1
5
7
10
11
13
17
18
20
28
32
35
36
45
53
57
62
77
82
96
99
113
116
126
137
139
143
154
207
214
221
249
267
376
462
490
565
578
8
25
26
44
49
58
78
105
112
118
121
123
199
446
4
15
21
30
33
40
42
47
144
363
14
16
19
41
48
66
109
127
165
186
288
316
675
681
162
178
257
275
403
472
203
253
332
545
690
293
349
369
432
496
659
C: 112 | 0.394018
(0.91368, 0.0151811, 0.145178, 0.664811, 0.0571197, 0.37949)
L: -1
CoverSet
2
3
6
72
114
280
1
5
7
10
11
17
18
28
32
36
45
53
62
77
82
96
113
116
126
137
139
143
154
207
214
221
249
267
376
578
8
25
26
44
49
58
78
105
112
118
121
123
199
446
4
15
21
30
33
40
42
47
144
363
14
16
19
41
66
109
127
165
186
316
675
162
178
257
275
203
253
332
545
690
293
349
369
432
496
659
CoverSet+Children
2
3
6
72
114
280
1
5
7
10
11
17
18
28
32
36
45
53
62
77
82
96
113
116
126
137
139
143
154
207
214
221
249
267
376
578
8
25
26
44
49
58
78
105
112
118
121
123
199
446
4
15
21
30
33
40
42
47
144
363
14
16
19
41
66
109
127
165
186
316
675
162
178
257
275
203
253
332
545
690
293
349
369
432
496
659
54
198
479
635
637
662
173
92
164
397
459
487
504
583
669
391
477
629
640
354
457
372
411
453
577
9
60
64
285
326
395
561
595
607
645
648
665
46
168
282
527
562
106
211
215
260
278
491
515
12
27
34
104
130
167
196
276
321
330
336
412
437
601
611
644
55
59
83
101
206
247
71
76
97
125
181
258
388
699
51
65
135
191
398
501
195
270
522
39
85
131
147
183
212
223
248
281
415
513
650
107
171
393
406
493
654
88
216
284
355
383
408
483
530
93
219
528
177
192
231
307
339
499
205
241
312
324
485
549
688
693
120
295
224
569
160
208
417
455
520
678
174
236
302
559
663
297
301
464
425
489
612
692
179
197
238
266
271
350
362
449
544
564
230
226
244
254
419
685
351
413
427
265
313
342
442
514
543
660
356
664
492
661
80
133
146
148
170
202
229
237
318
328
392
467
478
651
81
587
670
142
149
189
218
240
365
381
625
70
246
279
445
243
305
436
474
542
421
591
153
263
346
348
454
458
465
596
617
691
159
217
541
256
420
156
169
274
389
471
608
614
210
503
277
323
422
686
451
494
531
679
484
538
22
23
67
152
172
188
340
368
429
597
620
627
639
37
370
438
476
579
623
672
43
128
460
535
539
634
642
56
87
102
110
157
456
568
636
122
129
176
232
272
308
358
409
74
100
111
175
213
262
264
299
343
441
463
547
633
673
163
364
407
683
239
310
155
251
283
329
341
533
375
518
523
552
609
653
31
90
98
185
291
440
461
581
696
75
119
506
509
38
69
89
91
132
209
322
468
553
584
615
50
84
138
184
228
233
261
269
309
517
593
602
667
79
124
245
290
480
287
371
399
488
555
643
658
150
201
481
187
235
430
655
334
335
359
405
580
590
632
652
666
352
641
222
304
390
204
521
526
585
373
575
628
286
423
386
426
571
444
676
396
414
682
582
697
C: 112 | 0.394018
(0.91368, 0.0151811, 0.145178, 0.664811, 0.0571197, 0.37949)
L: -2
CoverSet
2
3
1
17
214
267
25
26
44
49
58
112
118
121
199
446
21
16
316
332
432
659
54
198
479
635
637
662
173
477
457
372
46
168
282
562
130
71
76
97
125
181
258
388
65
398
107
216
284
408
483
226
244
254
342
442
356
80
170
202
229
81
587
142
149
189
218
70
279
445
243
421
159
217
256
420
169
274
471
608
614
210
503
451
494
484
23
172
188
368
620
623
43
128
460
535
539
634
642
110
157
636
129
176
100
213
264
163
239
310
98
75
184
261
309
124
399
555
187
235
430
352
641
222
521
628
444
414
697
CoverSet+Children
2
3
1
17
214
267
25
26
44
49
58
112
118
121
199
446
21
16
316
332
432
659
54
198
479
635
637
662
173
477
457
372
46
168
282
562
130
71
76
97
125
181
258
388
65
398
107
216
284
408
483
226
244
254
342
442
356
80
170
202
229
81
587
142
149
189
218
70
279
445
243
421
159
217
256
420
169
274
471
608
614
210
503
451
494
484
23
172
188
368
620
623
43
128
460
535
539
634
642
110
157
636
129
176
100
213
264
163
239
310
98
75
184
261
309
124
399
555
187
235
430
352
641
222
521
628
444
414
697
402
668
166
589
103
296
519
656
443
604
314
387
695
220
319
294
684
431
657
466
646
344
400
626
193
452
385
647
418
567
605
367
600
630
599
439
671
194
268
227
C: 1 | 8.15556e-43
(0.651593, 0.788723, 0.0938596, 0.0283475, 0.835765, 0.432767)
L: -3
CoverSet
2
1
CoverSet+Children
2
1
C: 1 | 8.15556e-43
(0.651593, 0.788723, 0.0938596, 0.0283475, 0.835765, 0.432767)
L: -4
CoverSet
2
1
CoverSet+Children
2
1
C: 1 | 8.15556e-43
(0.651593, 0.788723, 0.0938596, 0.0283475, 0.835765, 0.432767)
Max queue: 503
vadd ok
Python time: 3.994
Error: Result mismatch
i = 0 CPU result = 0.627304 Device result = 0.651593
Error: Result mismatch
i = 0 CPU result = 0.135191 Device result = 0.788723
Error: Result mismatch
i = 0 CPU result = 0.0796889 Device result = 0.0938596
Error: Result mismatch
i = 0 CPU result = 0.612038 Device result = 0.0283475
Error: Result mismatch
i = 0 CPU result = 0.235428 Device result = 0.835765
Error: Result mismatch
i = 0 CPU result = 0.645057 Device result = 0.432767
Query point (0) was:
(0.784787, 0.145394, 0.000533139, 0.857641, 0.218492, 0.573228)
Found point (0) is:
[(0.651593, 0.788723, 0.0938596, 0.0283475, 0.835765, 0.432767)]
TEST FAILED
