0.053593
0.913709
0.267466
0.628470
0.488387
0.846587
0.201490
0.062624
0.417372
0.781244
0.141537
0.995854
0.852707
0.216848
0.070308
0.427579
0.789710
0.643787
0.506211
0.361586
0.219847
0.078298
0.439583
0.796214
0.652139
0.511913
0.871608
0.730210
0.083275
0.443810
0.805105
0.669459
0.524791
0.383758
0.741209
0.099075
0.454583
0.815659
0.176076
0.532787
0.387722
0.746464
0.608203
0.963096
0.319097
0.682357
0.540237
0.898135
0.252904
0.110675
0.973084
0.329169
0.187197
0.547575
0.409922
0.769116
0.124271
0.485044
0.839090
0.700099
0.055185
0.915181
0.772592
0.133983
0.487248
0.345733
0.204837
0.064055
0.427889
0.784111
0.139482
0.000599
0.359075
0.719591
0.571613
0.933101
0.791121
0.149692
0.508411
0.368312
0.222101
0.582202
0.941392
0.298995
0.659908
0.015920
0.376092
0.232387
0.595379
0.944887
0.806410
0.669825
0.027648
0.379342
0.240467
0.101406
0.957529
0.816932
0.172464
0.534525
0.393634
0.747564
0.107897
0.466859
0.829519
0.183009
0.040961
0.405047
0.757442
0.115560
0.978201
0.829968
0.690471
0.549799
0.408240
0.767160
0.629997
0.484848
0.342581
0.702021
0.055996
0.417556
0.273394
0.135312
0.992073
0.853802
0.705930
0.567990
0.928201
0.786629
0.138893
0.501738
0.362662
0.718611
0.576585
0.429111
0.291386
0.152159
0.011994
0.366578
0.227360
0.587756
0.943958
0.299916
0.660636
0.019450
0.377606
0.736250
0.092596
0.951290
0.310245
0.664736
0.525966
0.384701
0.240810
0.602287
0.959379
0.315996
0.175470
0.539593
0.399611
0.254283
0.617555
0.971511
0.330391
0.688560
0.044927
0.902622
0.265738
0.122539
0.979104
0.835620
0.193706
0.554086
0.911243
0.270983
0.127520
0.987209
0.844847
0.203352
0.562701
0.418249
0.279996
0.137731
0.995830
0.855089
0.214947
0.570416
0.932642
0.786809
0.648254
0.506228
0.864615
0.222284
0.079168
0.932667
0.294707
0.654334
0.515591
0.371330
0.729289
0.589972
0.947596
0.307369
0.161170
0.021963
0.884467
0.238551
0.595023
0.455060
0.814259
0.673484
0.027927
0.888833
0.747041
0.109155
0.462209
0.821579
0.175892
0.544239
0.394639
0.756127
0.117734
0.978082
0.830245
0.692404
0.546155
0.405968
0.264863
0.119998
0.979965
0.837543
0.698226
0.551576
0.414523
0.772493
0.129365
0.488672
0.352530
0.205300
0.566395
0.427322
0.276105
0.640296
0.001795
0.356619
0.716752
0.578346
0.929668
0.788612
0.646968
0.010953
0.366388
0.222144
0.580873
0.939548
0.302761
0.153982
0.014929
0.871185
0.734071
0.587685
0.449433
0.807573
0.667916
0.521445
0.385154
0.240903
0.098171
0.459885
0.315424
0.673383
0.534502
0.390836
0.250503
0.612912
0.965038
0.323976
0.181727
0.042168
0.897267
0.255904
0.113788
0.473513
0.833067
0.688848
0.048706
0.911048
0.766055
0.125572
0.983235
0.343317
0.204945
0.061683
0.416844
0.273183
0.139002
0.496175
0.853357
0.710239
0.570455
0.926909
0.784452
0.140622
0.999992
0.361270
0.218941
0.575056
0.435751
0.292367
0.653061
0.011177
0.371594
0.230958
0.080703
0.945645
0.803385
0.162638
0.016431
0.880612
0.233117
0.596247
0.950137
0.308036
0.167391
0.027507
0.880755
0.741057
0.605497
0.463591
0.319619
0.176624
0.536825
0.394806
0.258493
0.111527
0.967201
0.329907
0.185791
0.043176
0.402009
0.259625
0.621364
0.978476
0.336834
0.194729
0.051691
0.914901
0.766217
0.628045
0.489188
0.343248
0.205736
0.563536
0.417564
0.273353
0.141222
0.494415
0.858678
0.711132
0.572502
0.927652
0.287809
0.641811
0.500753
0.365403
0.718301
0.575164
0.935867
0.299479
0.153258
0.515639
0.871608
0.232419
0.090984
0.447732
0.303814
0.663984
0.024112
0.379013
0.734718
0.596553
0.452386
0.814088
0.670935
0.526796
0.886042
0.247628
0.603770
0.464988
0.823625
0.179632
0.539857
0.899432
0.258350
0.114081
0.970450
0.833958
0.186915
0.047229
0.904995
0.759885
0.122381
0.983041
0.337740
0.695860
0.559679
0.414301
0.270842
0.627497
0.991650
0.346235
0.203699
0.559954
0.919432
0.284996
0.638439
0.498634
0.857082
0.215667
0.574202
0.432688
0.292150
0.649359
0.009996
0.866204
0.223977
0.081153
0.942877
0.798690
0.656825
0.015258
0.371784
0.233678
0.592108
0.449809
0.809347
0.665405
0.521342
0.882885
0.239133
0.600829
0.961863
0.818420
0.675986
0.531397
0.392341
0.750482
0.612426
0.466035
0.325682
0.181550
0.044830
0.897301
0.758551
0.612524
0.980978
0.831660
0.693141
0.553085
0.908701
0.266232
0.625623
0.481914
0.342701
0.702239
0.556021
0.918132
0.275981
0.133821
0.990137
0.852829
0.707813
0.565189
0.924744
0.785623
0.141005
0.503482
0.860277
0.718446
0.582868
0.439318
0.790387
0.152303
0.510252
0.368679
0.224630
0.583591
0.941318
0.303106
0.155738
0.014627
0.873424
0.738943
0.091136
0.447568
0.808616
0.167110
0.026268
0.885215
0.745384
0.102388
0.963165
0.819357
0.179115
0.034381
0.398743
0.251199
0.107135
0.971284
0.322562
0.186094
0.545077
0.400268
0.260703
0.616849
0.476069
0.838093
0.694936
0.050392
0.411009
0.771364
0.627306
0.483870
0.345832
0.205550
0.562408
0.920500
0.278356
0.636216
0.498419
0.351409
0.208712
0.568953
0.430094
0.285587
0.144679
0.003412
0.361396
0.216738
0.579621
0.437326
0.793949
0.655905
0.511348
0.870199
0.230822
0.585251
0.947599
0.303874
0.661804
0.018319
0.379581
0.239573
0.597276
0.951114
0.311763
0.672015
0.030720
0.392607
0.243580
0.604643
0.468329
0.325069
0.680857
0.537712
0.401062
0.255985
0.111382
0.966600
0.833679
0.192303
0.548213
0.903040
0.765004
0.622859
0.481232
0.339109
0.697906
0.059560
0.909263
0.272835
0.626518
0.490399
0.348307
0.207725
0.561922
0.427445
0.776557
0.642906
0.000303
0.857331
0.713575
0.076329
0.931578
0.790953
0.649489
0.000846
0.866924
0.221563
