0.7937446291194051
0.7022640755845405
0.31727371062835164
0.13708814994044793
0.3586266694901059
0.1741510795526624
0.24369648915235287
0.4996518576148282
0.44993131239447726
0.5449664977710621
0.1128115854952716
0.9706378999748324
0.9393355068865382
0.07951648699113067
0.9028206045716569
0.9138467191595908
0.6108425831766083
0.6594719725013941
0.9057800994581258
0.6944842086796167
0.43911713598080027
0.5848133564742914
0.7620358730303338
0.3157583767150681
0.02176063084504909
0.6109185514233422
0.28234027954532315
0.4746125669919955
0.4365169841089166
0.8091022675327669
0.762280082457942
0.0021060533511106927
0.4453871940548014
0.7215400323407826
0.22876222127045265
0.9452706955539223
0.8521763955500221
0.6646023336808439
0.19180832435933537
0.5958309416159691
0.8207868664607583
0.2474069719844907
0.8677810644349934
0.9737752361596916
0.7040231423300713
0.5088737460778905
0.37796883434360806
0.34693088456262167
0.24340788008826497
0.48414380014656166
0.3400779915041021
0.4451527469565817
0.07874023879916425
0.8597823311239086
0.7534676890100536
0.14425075334005422
0.4370061183389008
0.5421890681333738
0.6377611379649377
0.7008425110796995
