0
2
-1
0.13436424411240122
0.8474337369372327
0.763774618976614
0.2550690257394217
0.49543508709194095
0.4494910647887381
1
2
0
1
69
-1
69
-1
69
-1
69
-1
69
-1
69
-1
69
-1
69
-1
69
-1
69
-1
69
-1
69
-1
69
-1
69
-1
69
-1
69
-1
69
-1
69
-1
69
-1
69
-1
69
-1
69
-1
69
-1
69
-1
69
-1
69
-1
69
-1
69
-1
69
-1
69
-1
69
-1
69
-1
69
-1
69
-1
69
-1
69
-1
69
-1
69
-1
69
-1
69
-1
69
-1
69
-1
69
-1
69
-1
69
-1
69
-1
69
-1
69
-1
69
-1
69
-1
69
-1
69
-1
69
-1
69
-1
69
-1
69
-1
69
-1
69
-1
69
-1
69
-1
69
-1
69
-1
69
-1
69
-1
69
-1
69
-1
69
-1
69
-1
69
-1
69
-1
69
-1
69
-1
69
-1
69
-1
69
-1
69
-1
69
-1
69
-1
69
-1
69
-1
69
-1
69
-1
69
-1
69
-1
69
-1
69
-1
69
-1
69
-1
69
-1
69
-1
69
-1
69
-1
69
-1
69
-1
69
-1
69
-1
69
-1
69
-1
69
-1
69
-1
69
-1
69
-1
69
-1
69
-1
69
-1
69
-1
69
-1
69
-1
69
-1
69
-1
69
-1
69
-1
69
-1
69
-1
69
-1
69
-1
69
-1
69
-1
69
-1
69
-1
69
-1
69
-1
69
-1
69
-1
69
-1
69
-1
0.651592972722763
0.7887233511355132
0.0938595867742349
0.02834747652200631
0.8357651039198697
0.43276706790505337
69
-1
69
-1
69
-1
69
-1
69
-1
69
-1
69
-1
69
-1
69
-1
69
-1
69
-1
69
-1
69
-1
69
-1
69
-1
69
-1
69
-1
69
-1
69
-1
69
-1
69
-1
69
-1
69
-1
69
-1
69
-1
69
-1
69
-1
69
-1
69
-1
69
-1
69
-1
69
-1
69
-1
69
-1
69
-1
69
-1
69
-1
69
-1
69
-1
69
-1
69
-1
69
-1
69
-1
69
-1
69
-1
69
-1
69
-1
69
-1
69
-1
69
-1
69
-1
69
-1
69
-1
69
-1
69
-1
69
-1
69
-1
69
-1
69
-1
69
-1
69
-1
69
-1
69
-1
69
-1
69
-1
69
-1
69
-1
69
-1
69
-1
69
-1
69
-1
69
-1
69
-1
69
-1
69
-1
69
-1
69
-1
69
-1
69
-1
69
-1
69
-1
69
-1
69
-1
69
-1
69
-1
69
-1
69
-1
69
-1
69
-1
69
-1
69
-1
69
-1
69
-1
69
-1
69
-1
69
-1
69
-1
69
-1
69
-1
69
-1
69
-1
69
-1
69
-1
69
-1
69
-1
69
-1
69
-1
69
-1
69
-1
69
-1
69
-1
69
-1
69
-1
69
-1
69
-1
69
-1
69
-1
69
-1
69
-1
69
-1
69
-1
69
-1
69
-1
69
-1
69
-1
69
-1
69
-1
69
-1
0.762280082457942
0.0021060533511106927
0.4453871940548014
0.7215400323407826
0.22876222127045265
0.9452706955539223
69
-1
69
-1
69
-1
69
-1
69
-1
69
-1
69
-1
69
-1
69
-1
69
-1
69
-1
69
-1
69
-1
69
-1
69
-1
69
-1
69
-1
69
-1
69
-1
69
-1
69
-1
69
-1
69
-1
69
-1
69
-1
69
-1
69
-1
69
-1
69
-1
69
-1
69
-1
69
-1
69
-1
69
-1
69
-1
69
-1
69
-1
69
-1
69
-1
69
-1
69
-1
69
-1
69
-1
69
-1
69
-1
69
-1
69
-1
69
-1
69
-1
69
-1
69
-1
69
-1
69
-1
69
-1
69
-1
69
-1
69
-1
69
-1
69
-1
69
-1
69
-1
69
-1
69
-1
69
-1
69
-1
69
-1
69
-1
69
-1
69
-1
69
-1
69
-1
69
-1
69
-1
69
-1
69
-1
69
-1
69
-1
69
-1
69
-1
69
-1
69
-1
69
-1
69
-1
69
-1
69
-1
69
-1
69
-1
69
-1
69
-1
69
-1
69
-1
69
-1
69
-1
69
-1
69
-1
69
-1
69
-1
69
-1
69
-1
69
-1
69
-1
69
-1
69
-1
69
-1
69
-1
69
-1
69
-1
69
-1
69
-1
69
-1
69
-1
69
-1
69
-1
69
-1
69
-1
69
-1
69
-1
69
-1
69
-1
69
-1
69
-1
69
-1
69
-1
69
-1
69
-1
69
-1
69
-1
69
-1
