0.002949
0.359222
0.714597
0.573505
0.434416
0.287863
0.148529
0.006790
0.370272
0.727512
0.084929
0.444067
0.302085
0.656102
0.515908
0.377513
0.232263
0.093128
0.450010
0.808599
0.665211
0.521407
0.884441
0.744178
0.602390
0.957027
0.312986
0.173133
0.036053
0.391387
0.255829
0.113409
0.471527
0.825664
0.686466
0.042211
0.905280
0.758058
0.116972
0.478142
0.338605
0.694096
0.048833
0.909923
0.762697
0.629591
0.983663
0.345265
0.703803
0.059139
0.920998
0.276106
0.635009
0.499080
0.356859
0.210470
0.574892
0.926028
0.783800
0.144109
0.505452
0.361711
0.217354
0.077706
0.934101
0.795934
0.149357
0.010798
0.370381
0.233356
0.583956
0.948479
0.803481
0.664950
0.517948
0.378736
0.234606
0.097124
0.951233
0.311003
0.668118
0.528354
0.388763
0.743804
0.606831
0.964117
0.326707
0.180710
0.037350
0.393039
0.752926
0.610669
0.969911
0.328834
0.689001
0.547950
0.903457
0.261772
0.125189
0.477553
0.342090
0.199203
0.053694
0.411347
0.770621
0.130118
0.990999
0.845471
0.702170
0.064581
0.420587
0.276983
0.133050
0.998068
0.857770
0.715313
0.072146
0.430957
0.291752
0.145866
0.502901
0.365039
0.721290
0.578767
0.439531
0.793469
0.656312
0.511613
0.870781
0.731119
0.091778
0.448764
0.807602
0.664069
0.523259
0.880343
0.738617
0.599521
0.954330
0.816062
0.169146
0.032256
0.889835
0.249632
0.104444
0.468051
0.827356
0.682665
0.540284
0.393240
0.756230
0.611825
0.974535
0.329606
0.688596
0.548176
0.406165
0.264763
0.627055
0.486231
0.343809
0.701644
0.059230
0.918303
0.771410
0.133822
0.488219
0.849563
0.706165
0.066276
0.923235
0.782516
0.136844
0.499408
0.357440
0.715975
0.076982
0.934056
0.297289
0.153183
0.007623
0.866031
0.229365
0.084942
0.946768
0.296982
0.157483
0.519265
0.875072
0.732096
0.093344
0.452740
0.311090
0.165750
0.524665
0.877233
0.242708
0.097593
0.456001
0.818600
0.678075
0.532644
0.896492
0.249966
0.110540
0.469761
0.830847
0.686651
0.040971
0.903771
0.756860
0.116594
0.977494
0.834546
0.188664
0.052572
0.410897
0.765462
0.126481
0.486317
0.845237
0.704771
0.060183
0.919701
0.279221
0.138229
0.987682
0.846897
0.712084
0.069322
0.426863
0.786826
0.643770
0.504393
0.859499
0.720487
0.079790
0.941392
0.294346
0.651531
0.010556
0.371816
0.227003
0.588503
0.945187
0.299932
0.162211
0.517917
0.877989
0.736722
0.095277
0.451081
0.813177
0.668886
0.028765
0.887140
0.241370
0.602775
0.456124
0.821392
0.177608
0.538930
0.392303
0.252944
0.612563
0.472815
0.330155
0.690435
0.045919
0.405529
0.265463
0.616710
0.477753
0.839940
0.696631
0.551541
0.411298
0.770645
0.630273
0.482862
0.342373
0.701646
0.562187
0.422112
0.280758
0.140287
0.996872
0.353844
0.715996
0.074657
0.434423
0.288610
0.149075
0.505482
0.365039
0.717814
0.585122
0.437358
0.800429
0.653011
0.513140
0.373402
0.232866
0.583199
0.943951
0.306883
0.666085
0.019979
0.878557
0.738305
0.596187
0.960841
0.816044
0.675272
0.534851
0.395254
0.747594
0.603962
0.463199
0.326533
0.180875
0.039294
0.897773
0.754546
0.613847
0.971152
0.332096
0.192307
0.050964
0.408744
0.266306
0.625250
0.479907
0.840291
0.197743
0.059953
0.413408
0.776750
0.133341
0.489792
0.849246
0.200958
0.067286
0.927400
0.280481
0.138688
0.501873
0.359079
0.215922
0.075584
0.931949
0.791903
0.651835
0.507121
0.863453
0.726282
0.582339
0.939387
0.300329
0.658980
0.519271
0.377151
0.731641
0.588564
0.447298
0.307699
0.668389
0.023843
0.382744
0.743461
0.098975
0.460711
0.320614
0.172956
0.536752
0.894119
0.752176
0.610504
0.965658
0.327420
0.181689
0.540535
0.895904
0.760990
0.616320
0.474481
0.830558
0.695504
0.553001
0.907228
0.771290
0.624742
0.989670
0.341168
0.700030
0.558410
0.919790
0.273395
0.136240
0.489670
0.853049
0.209408
0.064657
0.428357
0.784129
0.646805
0.501411
0.862007
0.217360
0.574978
0.933223
0.796811
0.651667
0.513463
0.365454
0.727715
0.084401
0.944568
0.304721
0.662706
0.524123
0.380441
0.736702
0.093081
0.457601
0.312046
0.669245
0.526439
0.381601
0.744930
0.100909
0.459555
0.317884
0.183239
0.036535
0.898533
0.755293
0.112087
0.970323
0.329734
0.184159
0.044855
0.406220
0.264863
0.121378
0.978355
0.338899
0.193928
0.554899
0.915217
0.772927
0.126534
0.490231
0.345014
0.704679
0.060971
0.923661
0.777986
0.640633
0.993840
0.853941
0.712505
0.075871
0.926224
0.789094
0.150795
0.505962
0.362160
0.222272
0.576974
0.438178
0.298372
0.152524
0.514174
0.872517
0.730451
0.085769
0.948626
0.305019
0.667374
0.021290
0.381967
0.237496
0.599120
0.455381
0.314711
0.175580
0.025546
0.886388
0.747019
0.107829
0.963763
0.320507
0.175738
0.541630
0.395345
0.261510
0.117566
0.974463
0.834672
0.186550
0.546777
0.909497
0.768661
0.620989
0.980436
0.839195
0.700770
0.055065
0.415688
0.771947
0.131932
0.988016
0.345485
0.204801
0.065802
0.919714
0.281039
0.140941
0.499141
0.862321
0.217490
0.073134
0.432394
0.290609
0.650224
0.007969
0.868429
0.720596
0.084109
0.441406
0.300548
0.657304
0.515528
0.373626
0.732054
0.590757
0.446464
0.805900
0.170013
0.025264
0.882564
0.243049
0.101156
0.962016
0.315603
0.172981
0.035048
0.893031
0.251763
0.607211
0.968314
0.827334
0.681145
0.042973
0.401123
0.262687
0.619616
0.974682
0.833005
0.193759
0.052192
0.412655
0.266869
0.629214
0.480444
0.842317
0.202175
0.059474
0.913129
0.774883
0.135922
0.493807
0.352476
0.709067
0.568423
0.427164
0.791938
0.639613
0.003388
0.862984
0.716983
0.074806
0.935178
0.792938
0.155189
0.511778
0.867314
0.229588
0.589272
0.443900
0.802457
0.662302
0.522511
0.375826
0.236503
0.092519
0.950300
0.310311
0.666305
0.524719
0.886422
0.744905
0.601882
0.463329
0.321731
0.176970
0.036161
0.400274
0.253290
0.610246
0.970328
0.329780
0.684498
0.045479
0.901681
0.763628
0.620476
0.476835
0.836662
0.696195
0.056182
0.911433
0.270144
0.127309
0.989040
0.846451
0.707407
0.060839
0.420770
0.280753
0.134962
0.996651
0.354318
0.212923
0.569291
0.429395
0.288956
0.648746
0.003413
0.862513
0.218782
0.078648
0.935649
0.294573
0.155429
0.014390
0.370369
0.731079
0.591014
0.948522
0.305246
0.661969
0.025170
0.881489
0.735276
0.594796
0.953802
0.814465
0.666289
0.027369
0.887485
0.746475
0.102254
0.964510
0.317805
0.186427
0.041976
0.397075
0.757826
0.612714
0.977351
0.329480
0.190253
0.046331
0.408323
0.764537
0.123913
0.980677
0.341622
0.700144
0.555970
0.413076
0.274593
0.633367
0.490641
0.848584
0.706323
0.062666
0.924119
0.782705
0.142424
0.999570
0.860459
0.714798
0.077797
0.931697
0.290628
0.153452
0.510282
0.363347
0.221781
0.082559
0.439804
0.299860
0.153629
0.512784
0.874776
0.233549
0.589359
0.453467
0.309552
0.167571
0.024920
0.387300
0.739927
0.101653
0.457245
0.811471
0.673497
0.029991
0.890688
0.751404
0.111039
0.466434
0.826590
0.686662
0.041471
0.901814
0.256601
0.620754
0.975876
0.836979
0.691037
0.548904
0.907986
0.770350
0.622463
0.983203
0.847718
0.699840
0.058400
0.916253
0.274941
0.134745
0.996813
0.845570
0.208841
0.568644
0.924728
0.281512
0.643990
0.003578
0.856853
0.217560
0.075383
0.936751
0.797317
0.656479
0.008572
0.873810
0.727089
0.587552
0.442796
0.303705
0.657114
0.013395
0.875332
0.735546
0.592163
0.950342
0.310563
0.165486
0.533006
0.382354
0.248092
0.104693
0.462288
0.817023
0.676422
0.536316
0.898239
0.748405
0.111539
0.467724
0.828961
0.687936
0.543628
0.899914
0.263568
0.618530
0.479298
0.334609
0.691873
0.552372
0.910770
0.767765
0.628303
0.484418
0.345080
0.205564
0.561558
0.420925
0.277083
0.138824
0.996800
0.354464
0.710696
0.070376
0.429491
0.789780
0.142134
0.000957
0.863208
0.221209
0.581180
0.939126
0.802957
0.655401
0.512396
0.871966
0.232742
0.593077
0.947964
0.802894
0.160414
0.524564
0.874355
0.239370
0.097061
0.457178
0.310542
0.171708
0.030800
0.389601
0.748236
0.104413
0.465931
0.823807
0.181302
0.035557
0.899684
0.754205
0.613900
0.971801
0.335649
0.688715
0.049471
0.905655
0.262774
0.623255
0.985036
0.838862
0.194718
0.558454
0.911999
0.270829
0.627827
0.493452
0.348386
0.707627
0.063304
0.425663
0.784453
0.139078
0.495624
0.857812
0.221607
0.572479
0.929992
0.791000
0.644985
0.005818
0.362862
0.722453
0.582984
0.940235
0.798685
0.657813
0.518726
0.373455
0.235960
0.094938
0.949786
0.803728
0.167022
0.521614
0.880741
0.237557
0.097066
0.958053
0.319088
0.176448
0.033239
0.392611
0.253744
0.607507
0.963953
0.826849
0.181704
0.043289
0.399272
0.755433
0.614625
0.980090
0.831043
0.693904
0.550488
0.912785
0.267876
0.126152
0.983094
0.343193
0.199423
0.059022
0.415145
0.273773
0.133658
0.487770
0.349454
0.209880
0.561154
0.927136
0.785196
0.145022
0.497629
0.861271
0.221139
0.579337
0.435734
0.789684
0.150618
0.512167
0.364541
0.220884
0.085629
0.440548
0.304180
0.659099
0.516337
0.377477
0.239117
0.091293
0.453262
0.312238
0.172878
0.526634
0.883843
0.743304
0.100219
0.962272
0.820451
0.175874
0.039748
0.394914
0.251814
0.112794
0.470539
0.829829
0.188215
0.042074
0.401016
0.255247
0.120997
0.978223
0.841596
0.696053
0.052185
0.912389
0.270116
0.630110
0.482947
0.847596
0.703593
0.561185
0.419489
0.280776
0.635609
0.995841
0.352729
0.209948
0.071851
0.932849
0.282917
0.143331
0.009843
0.860478
0.723867
0.581310
0.939664
0.298255
0.155990
0.511662
0.368029
0.229334
0.085371
0.944452
0.305551
0.163721
0.018466
0.380705
0.738149
0.096034
0.951950
0.816183
0.171213
0.028787
0.884597
0.243670
0.105300
0.965851
0.823063
0.678964
0.041235
0.897170
0.754030
0.112965
0.970675
0.334781
0.186925
0.543800
0.404566
0.764137
0.125164
0.478917
0.334526
0.698604
0.554822
0.916644
0.774420
0.631600
0.494049
0.346942
0.204242
0.066086
0.925574
0.282075
0.638475
0.494614
0.854622
0.712416
0.577285
0.432883
0.789942
0.147017
0.506036
0.363383
0.224936
0.576985
0.942126
0.801535
0.160926
0.513380
0.371385
0.230970
0.089997
0.944643
0.309920
0.663999
0.526230
0.383073
0.238295
0.099541
0.459763
0.315083
0.675215
0.534211
0.886057
0.751985
0.104580
0.967312
0.822423
0.184315
0.539018
0.401075
0.259009
0.622590
0.475566
0.333477
0.196014
0.049509
0.909449
0.268193
0.127898
0.481260
0.841254
0.197416
0.560999
0.917968
0.774601
0.628171
0.992790
0.852260
0.205037
0.571542
0.428230
0.789756
0.643863
0.997176
0.857422
0.221900
0.071743
0.433077
0.291426
0.151421
0.007384
0.865977
0.230304
0.581502
0.946234
0.802758
0.159124
0.518747
0.882732
0.233820
0.593436
0.953016
0.810560
0.169795
0.529434
0.884108
0.244027
0.603809
0.457785
0.819172
0.178233
0.033045
0.891603
0.755624
0.109301
0.464942
0.822689
0.188045
0.544083
0.403404
0.763648
0.621559
0.980848
0.338096
0.691633
0.053566
0.916744
0.767490
0.628765
0.984246
0.842171
0.200409
0.560862
0.418965
0.776661
0.633514
0.494033
0.351029
0.211167
0.563567
0.928999
0.787297
0.148552
0.504111
0.866071
0.724916
0.078585
0.438288
0.292701
0.657371
0.010737
0.873495
0.225673
0.085859
0.446679
0.307728
0.659502
0.023978
0.378044
0.740975
0.592246
0.447560
0.813698
0.673071
0.027062
0.886191
0.245973
0.606442
0.463195
0.819476
0.680117
0.038485
0.896051
0.756882
0.113729
0.472042
0.828501
0.185350
0.048387
0.407247
0.760634
0.623918
0.978882
0.341666
0.696645
0.054714
0.916528
0.770222
0.634797
0.985949
0.346768
0.207002
0.064274
0.919068
0.781569
0.639510
0.498502
0.356003
0.214659
0.573534
0.931762
0.293307
0.145684
0.007512
0.872011
0.722746
0.079534
0.942793
0.796791
0.157305
0.017741
0.370300
0.731321
0.590295
0.947892
0.806548
0.668837
0.522740
0.881530
0.742133
0.097801
0.453296
0.815683
0.170866
0.030370
0.889682
0.748097
0.109147
0.469570
0.325002
0.681542
0.045913
0.904598
0.259768
0.617633
0.976079
0.333355
0.689743
0.550676
0.403188
0.770687
0.125328
0.979084
0.838276
0.198159
0.058251
0.413089
0.777728
0.636081
0.996912
0.352353
0.711988
0.063353
0.926732
0.284867
0.142708
0.002099
0.859718
0.213643
0.576149
0.932543
0.792248
0.650015
0.510237
0.368235
0.225620
0.082032
0.439860
0.301739
0.165069
0.012099
0.373058
0.734614
0.594118
0.952171
0.308850
0.167092
0.028132
0.387084
0.244933
0.101957
0.960551
0.320607
0.670281
0.030047
0.891688
0.254342
0.608574
0.469703
0.824672
0.189203
0.044248
0.903229
0.763535
0.117815
0.978699
0.836245
0.194034
0.551987
0.407309
0.268560
0.629553
0.482639
0.341922
0.701370
0.058753
0.918701
0.776213
0.635910
0.994167
0.857834
0.212438
0.571180
0.931032
0.788153
0.145054
0.005017
0.360407
0.219177
0.578440
0.432329
0.296153
0.653677
0.513991
0.369470
0.732733
0.587527
0.449622
0.302769
0.658912
0.519667
0.877646
0.740128
0.593886
0.458339
0.812022
0.669982
0.028782
0.892090
0.245371
0.107201
0.963690
0.321254
0.179851
0.035554
0.895737
0.255628
0.116248
0.466664
0.825383
0.189956
0.550199
0.401930
0.765723
0.124778
0.983971
0.338694
0.196886
0.054202
0.913450
0.770860
0.628733
0.488777
0.349608
0.704243
0.063501
0.922391
0.777748
0.642729
0.998560
0.352284
0.713666
0.071960
0.931149
0.288964
0.647126
0.508287
0.861382
0.723096
0.081965
0.941508
0.797368
0.158710
0.515505
0.878130
0.231430
0.593889
0.450237
0.808839
0.661723
0.017205
0.382985
0.739502
0.095240
0.952875
0.810243
0.673743
0.531570
0.890449
0.250056
0.611131
0.463734
0.325659
0.683065
0.041956
0.896987
0.257527
0.615029
0.474964
0.833283
0.691985
0.047066
0.906362
0.764200
0.120370
0.985092
0.839470
0.203340
0.058069
0.920485
0.772565
0.635119
0.488947
0.352228
0.205485
0.569391
0.918503
0.281276
0.643820
0.500680
0.858157
0.714838
0.580288
0.933028
0.293085
0.646768
0.506535
0.866447
0.225442
0.582704
0.441976
0.805496
0.156668
0.516922
0.379754
0.734834
0.094838
0.455400
0.305882
0.671309
0.525581
0.379449
0.242641
0.601901
0.457845
0.817942
0.175695
0.535365
0.894452
0.256685
0.614464
0.971175
0.330250
0.186419
0.045189
0.904732
0.259057
0.117039
0.476250
0.836633
0.195630
0.549161
0.907375
0.270720
0.627849
0.488245
0.841770
0.700223
0.063723
0.413805
0.777803
0.138179
0.496797
0.352995
0.212642
0.568299
0.424986
0.285930
0.644776
0.001789
0.362171
0.721993
0.078607
0.940923
0.297239
0.149330
0.013435
0.870575
0.227736
0.585945
0.443443
0.298497
0.663259
0.520848
0.376734
0.739785
0.601679
0.455007
0.810508
0.171257
0.531311
0.888212
0.242218
0.103400
0.461201
0.324179
0.175618
0.037346
0.893104
0.258333
0.110411
0.471675
0.830270
0.191218
0.545066
0.905487
0.261751
0.619482
0.979441
0.337008
0.694510
0.052914
0.412275
0.270054
0.132261
0.990639
0.344561
0.705229
0.564843
0.422875
0.778546
0.136914
0.996217
0.353052
0.714433
0.069597
0.431169
0.789397
0.649786
0.003991
0.862626
0.725299
0.084420
0.940665
0.297540
0.155161
0.519317
0.870026
0.730666
0.590780
0.443619
0.305109
0.160640
0.520438
0.380060
0.738652
0.101098
0.459097
0.316915
0.177019
0.531594
0.391411
0.248709
0.601006
0.967776
0.823909
0.181040
0.538108
0.897841
0.756174
0.117896
0.972954
0.833374
0.193033
0.048645
0.905902
0.763199
0.128726
0.984782
0.842604
0.700479
0.056754
0.918970
0.279640
0.131637
0.490186
0.852274
0.709064
0.065217
0.424162
0.784277
0.639964
0.998498
0.355672
0.716341
0.575226
0.934472
0.787262
0.150167
0.512122
0.864944
0.226926
0.088684
0.943322
0.300170
0.660117
0.019130
0.377803
0.232671
0.091141
0.448782
0.808881
0.665240
0.021867
0.886616
0.743071
0.598557
0.460095
0.818479
0.179941
0.033550
0.891472
0.747784
0.113561
0.473089
0.325090
0.683773
0.543403
0.400811
0.260227
0.618435
0.977001
0.840873
0.691545
0.052890
0.408376
0.270925
0.125552
0.485727
0.840268
0.703213
0.558241
0.422449
0.777990
0.635799
0.990471
0.350282
0.711597
0.568348
0.927506
0.786818
0.645850
0.502644
0.361780
0.215019
0.583294
0.437426
0.791341
0.151317
0.010101
0.867473
0.226927
0.587965
0.943496
0.306423
0.159730
0.520313
0.877112
0.237871
0.096385
0.949965
0.811553
0.667775
0.531701
0.883798
0.742927
0.602633
0.960490
0.819462
0.681581
0.036753
0.394765
0.253513
0.612334
0.473165
0.832189
0.183386
0.546468
0.905297
0.764554
0.122666
0.976822
0.841055
0.698497
0.052363
0.413827
0.272818
0.631729
0.985920
0.842107
0.704973
0.064866
0.420721
0.277453
0.136137
0.998958
0.352187
0.213846
0.075102
0.931773
0.790475
0.150316
0.006281
0.866253
0.728252
0.582369
0.437250
0.298417
0.652948
0.514464
0.869214
0.731892
0.584317
0.449296
0.806698
0.663824
0.528006
0.881446
0.741317
0.100649
0.458273
0.813233
0.173384
0.030198
0.391043
0.741729
0.607447
0.464696
0.826820
0.680694
0.540425
0.896949
0.256508
0.615917
0.971616
0.832126
0.193069
0.549228
0.406878
0.767669
0.122815
0.481277
0.838807
0.198918
0.557187
0.916104
0.272573
0.133257
0.991547
0.345077
0.709808
0.564228
0.926885
0.781850
0.638199
0.000504
0.355376
0.215448
0.073694
0.436062
0.793828
0.153368
0.505416
0.368095
0.725697
0.086548
0.440315
0.802685
0.159022
0.017595
0.872042
0.730195
0.589066
0.450652
0.309421
0.164563
0.028220
0.882898
0.742057
0.101671
0.461464
0.317152
0.179308
0.531138
0.891367
0.747821
0.607987
0.966328
0.326359
0.687989
0.540612
0.903503
0.761189
0.616728
0.976338
0.331587
0.689594
0.552091
0.909237
0.266386
0.624290
0.485503
0.843380
0.699815
0.559099
0.920597
0.775325
0.635536
0.991945
0.853017
0.711983
0.069430
0.927510
0.787671
0.646963
0.502664
0.859784
0.216463
0.574665
0.933305
0.297171
0.151902
0.014777
0.370561
0.228502
0.586822
0.446274
0.801337
0.167483
0.019912
0.374066
0.735931
0.092437
0.956514
0.813146
0.172997
0.527590
0.387493
0.248362
0.604348
0.458013
0.319904
0.178785
0.037268
0.895991
0.753826
0.115901
0.474584
0.328241
0.686008
0.051443
0.909941
0.262921
0.122964
0.978436
0.838006
0.192230
0.555420
0.410349
0.774084
0.626648
0.984288
0.342900
0.203383
0.561307
0.923525
0.781875
0.642184
0.493403
0.355253
0.215614
0.068954
0.430023
0.791048
0.649862
0.505608
0.362574
0.716560
0.577741
0.437318
0.297201
0.654160
0.513325
0.371851
0.730804
0.087950
0.950229
0.308743
0.170427
0.522817
0.378123
0.237737
0.100081
0.953444
0.813902
0.167049
0.534788
0.887296
0.249596
0.605557
0.963494
0.321528
0.679028
0.041776
0.399600
0.256626
0.614712
0.473971
0.829480
0.688445
0.546957
0.912212
0.264896
0.121778
0.481644
0.838947
0.698120
0.056367
0.415535
0.775722
0.635776
0.487176
0.347562
0.205526
0.066482
0.922512
0.779936
0.137043
0.001507
0.859163
0.215970
0.571685
0.934585
0.292539
0.651091
0.010529
0.862996
0.225495
0.581237
0.437965
0.799892
0.660010
0.516010
0.875338
0.234393
0.092911
0.949477
0.308593
0.166052
0.529360
0.382462
0.745065
0.099019
0.462805
0.811563
0.170908
0.535924
0.893467
0.750944
0.610404
0.468893
0.328579
0.683993
0.039183
0.904767
0.260676
0.617909
0.973898
0.830833
0.193052
0.551732
0.909418
0.270029
0.627022
0.486791
0.844688
0.201076
0.063729
0.920828
0.279263
0.134749
0.496799
0.850406
0.209668
0.069923
0.425734
0.781266
0.143004
0.504312
0.357640
0.221009
0.070158
0.439566
0.293939
0.657343
0.012337
0.372808
0.725257
0.586417
0.439742
0.801179
0.164523
0.518742
0.379258
0.233390
0.595184
0.953895
0.811157
0.666505
0.527966
0.887205
0.742801
0.599284
0.960608
0.316011
0.678122
0.537009
0.397444
0.257878
0.614591
0.972741
0.328320
0.188757
0.546625
0.402028
0.763063
0.122738
0.478854
0.334128
0.194898
0.551259
0.409597
0.269752
0.630567
0.490881
0.848587
0.203528
0.060842
0.922780
0.282058
0.137880
0.995005
0.358523
0.709886
0.068963
0.427100
0.783461
0.646513
0.505169
0.358768
0.720088
0.084632
0.439020
0.298099
0.156261
0.014692
0.373417
0.232698
0.589516
0.945296
0.806523
0.160081
0.020124
0.381114
0.737761
0.097701
0.455560
0.812910
0.673656
0.526102
0.390244
0.252798
0.603990
0.465605
0.320616
0.181542
0.037776
0.397480
0.257224
0.618491
0.976083
0.833570
0.189982
0.546831
0.911261
0.260864
0.125612
0.981485
0.844202
0.695139
0.556641
0.912278
0.772696
0.130156
0.492021
0.846801
0.203797
0.063595
0.423425
0.283730
0.640308
0.999397
0.356752
0.718975
0.076274
0.935592
0.288945
0.151459
0.007779
0.367178
0.223860
0.083335
0.444575
0.800522
0.654754
0.517079
0.377010
0.733643
0.093051
0.450276
0.307951
0.166390
0.020237
0.382196
0.239825
0.105504
0.457912
0.817314
0.173947
0.036879
0.392020
0.250206
0.610195
0.967053
0.826468
0.183007
0.040954
0.399690
0.257830
0.115712
0.977232
0.334955
0.692086
0.548650
0.908670
0.266746
0.126645
0.987038
0.842673
0.702060
0.057729
0.916902
0.277215
0.132175
0.997694
0.849113
0.207675
0.570343
0.425855
0.282719
0.141252
0.996740
0.365083
0.220791
0.578841
0.437627
0.797324
0.149134
0.506055
0.870470
0.227593
0.587127
0.444724
0.300205
0.157201
0.519230
0.375282
0.737585
0.094742
0.452812
0.310306
0.164937
0.026873
0.883289
0.244063
0.604963
0.964005
0.814759
0.182259
0.035525
0.398406
0.751626
0.609767
0.972059
0.329338
0.187491
0.541693
0.898261
0.259636
0.617553
0.475228
0.336434
0.199840
0.555345
0.912520
0.770233
0.129652
0.493906
0.847633
0.704501
0.564316
0.425379
0.778230
0.134683
0.993720
0.353542
0.707608
0.072075
0.928977
0.289198
0.144214
0.505474
0.862815
0.223503
0.081100
0.940214
0.296443
0.157543
0.507833
0.367593
0.231919
0.088266
0.448255
0.802583
0.665588
0.524272
0.380839
0.237769
0.099660
0.956822
0.815321
0.672060
0.525426
0.888521
0.745237
0.603439
0.461731
0.323601
0.183207
0.541866
0.897530
0.255559
0.616448
0.473848
0.331147
0.189350
0.049236
0.907857
0.265287
0.622473
0.980524
0.339162
0.700331
0.056395
0.914145
0.768279
0.132370
0.489763
0.348494
0.710269
0.063027
0.926684
0.783764
0.136847
0.993890
0.856829
0.214829
0.073295
0.930970
0.291701
0.648674
0.509461
0.366203
0.723813
0.087014
0.443720
0.298005
0.156095
0.516400
0.872235
0.729666
0.090817
0.950013
0.310192
0.667918
0.024407
0.884170
0.741251
0.599946
0.958229
0.319228
0.672233
0.531393
0.389468
0.746007
0.105587
0.464343
0.823087
0.685398
0.542509
0.398266
0.258777
0.617744
0.480628
0.331891
0.192784
0.550968
0.912302
0.764120
0.124752
0.480312
0.845115
0.699536
0.057737
0.416503
0.276022
0.636056
0.488842
0.346580
0.206189
0.069399
0.425122
0.288020
0.642585
0.003564
0.859066
0.722483
0.079829
0.437067
0.297555
0.651885
0.012793
0.869727
0.223568
0.588723
0.945533
0.801442
0.659999
0.519529
0.375610
0.734337
0.588551
0.949981
0.813434
0.174176
0.027198
0.386533
0.243626
0.107015
0.958757
0.324228
0.179106
0.033955
0.394333
0.750988
0.610906
0.969593
0.826917
0.684992
0.545376
0.403961
0.266526
0.618384
0.478469
0.832710
0.196352
0.054618
0.413112
0.272191
0.629828
0.484367
0.844088
0.202812
0.563433
0.419952
0.277813
0.636578
0.995358
0.351966
0.213319
0.573037
0.932318
0.786306
0.643702
0.507226
0.860244
0.220978
0.579138
0.936672
0.798643
0.655583
0.008387
0.870614
0.230251
0.085704
0.944944
0.305979
0.163580
0.022858
0.380551
0.734591
0.594446
0.452643
0.316379
0.169082
0.031310
0.887286
0.248115
0.105767
0.966217
0.324652
0.182216
0.540561
0.397467
0.756043
0.115153
0.473654
0.827173
0.691755
0.044649
0.907258
0.266613
0.124157
0.476878
0.333401
0.697711
0.555195
0.414389
0.273312
0.632341
0.990381
0.848708
0.703285
0.065444
0.928022
0.780323
0.639780
0.995513
0.855313
0.713015
0.072335
0.432263
0.291628
0.645602
0.009474
0.362631
0.227069
0.073760
0.436692
0.295905
0.656978
0.516105
0.375028
0.735448
0.594167
0.452124
0.808392
0.672059
0.525999
0.387192
0.740208
0.098594
0.957457
0.819257
0.670045
0.032406
0.891654
0.249545
0.107952
0.462299
0.824253
0.688023
0.539705
0.903831
0.758621
0.622290
0.974881
0.331130
0.690116
0.549981
0.912043
0.767853
0.127019
0.484086
0.342056
0.198449
0.560739
0.918489
0.273713
0.632711
0.993193
0.350726
0.209497
0.564704
0.428379
0.784683
0.144254
0.499934
0.857908
0.721438
0.075981
0.933854
0.292086
0.151988
0.011181
0.868500
0.724573
0.588007
0.940940
0.802476
0.658455
0.017866
0.380473
0.735126
0.595210
0.452445
0.812694
0.170982
0.028397
0.885202
0.743570
0.602716
0.458025
0.817570
0.674066
0.031588
0.891836
0.753132
0.610616
0.467894
0.327840
0.185598
0.546537
0.901076
0.756619
0.122746
0.980816
0.834276
0.195289
0.053279
0.916658
0.272136
0.125878
0.986457
0.345242
0.702935
0.562722
0.919117
0.779449
0.639474
0.492507
0.852755
0.212687
0.071669
0.922706
0.284806
0.645212
0.503038
0.363652
0.718266
0.077596
0.937546
0.298262
0.654286
0.015291
0.373302
0.227265
0.089330
0.447920
0.304223
0.158151
0.020427
0.878258
0.237850
0.091820
0.453054
0.308753
0.675441
0.525661
0.886454
0.749611
0.105787
0.464144
0.819194
0.178253
0.040016
0.400827
0.755123
0.116652
0.471255
0.337245
0.186076
0.547331
0.906518
0.766544
0.120021
0.980468
0.339281
0.198927
0.556707
0.416630
0.271358
0.631729
0.992904
0.849062
0.704553
0.564583
0.417125
0.781920
0.141514
0.498013
0.855745
0.214142
0.073502
0.931629
0.289290
0.649662
0.507782
0.365505
0.721666
0.079224
0.944665
0.300747
0.158195
0.018529
0.372980
0.235085
0.091801
0.948464
0.307238
0.162790
0.022676
0.379849
0.739983
0.098877
0.458853
0.814445
0.671804
0.030996
0.391042
0.750531
0.109691
0.467047
0.327735
0.681440
0.044511
0.901282
0.262407
0.114665
0.474594
0.835255
0.190230
0.048359
0.907720
0.766719
0.625702
0.481854
0.835292
0.205437
0.559087
0.916179
0.772891
0.133689
0.995919
0.851379
0.708822
0.561766
0.928051
0.280886
0.142975
0.999196
0.863462
0.213365
0.078480
0.933374
0.793522
0.153016
0.511876
0.861585
0.224279
0.584293
0.941109
0.801340
0.659164
0.519793
0.375721
0.739005
0.094613
0.454934
0.809080
0.667198
0.025883
0.385253
0.240557
0.099631
0.960984
0.318199
0.174508
0.531351
0.397763
0.253807
0.609737
0.969040
0.824762
0.185637
0.044762
0.401888
0.759156
0.620756
0.473395
0.336189
0.195015
0.552823
0.409635
0.269425
0.631094
0.486823
0.849207
0.204140
0.561759
0.420132
0.780068
0.133716
0.495495
0.353645
0.711532
0.569690
0.428477
0.288702
0.645028
0.503941
0.366273
0.719888
0.584331
0.438609
0.293320
0.657113
0.516062
0.367447
0.728183
0.588430
0.947734
0.801991
0.658653
0.016899
0.881093
0.240006
0.097682
0.456456
0.817402
0.670522
0.024931
0.392660
0.244240
0.607959
0.961656
0.820012
0.179098
0.537810
0.395042
0.759703
0.612390
0.971410
0.830136
0.185713
0.548947
0.901856
0.265535
0.620396
0.981553
0.841097
0.697871
0.055854
0.916970
0.273981
0.629310
0.489155
0.850231
0.705386
0.061860
0.922755
0.779877
0.640612
0.498358
0.853169
0.209659
0.573367
0.926548
0.286565
0.149605
0.509188
0.368174
0.725115
0.583368
0.440715
0.299756
0.655312
0.513604
0.876688
0.228922
0.587371
0.449688
0.307777
0.158068
0.024079
0.380347
0.242968
0.597413
0.956041
0.313735
0.175427
0.034936
0.388674
0.750612
0.607809
0.466320
0.320200
0.683939
0.041711
0.401518
0.255333
0.616963
0.975976
0.834554
0.688732
0.047706
0.903739
0.270264
0.623399
0.480362
0.841442
0.697613
0.558643
0.917376
0.273350
0.633572
0.991243
0.850101
0.706859
0.566768
0.924377
0.284041
0.142169
0.500702
0.857436
0.218069
0.577340
0.933545
0.792799
0.646647
0.008899
0.869149
0.729500
0.585434
0.447666
0.803137
0.663324
0.016032
0.879110
0.236974
0.592332
0.950418
0.307825
0.663564
0.029415
0.884085
0.244094
0.604575
0.461755
0.820136
0.176992
0.534406
0.892299
0.748532
0.610104
0.968259
0.827960
0.688504
0.042781
0.901432
0.261461
0.614455
0.479800
0.340045
0.693748
0.551369
0.909880
0.270749
0.627449
0.487529
0.343897
0.701700
0.062404
0.915027
0.275705
0.635004
0.997150
0.352304
0.212403
0.567307
0.931498
0.789235
0.145019
0.001495
0.865214
0.224504
0.078796
0.934980
0.792912
0.154205
0.508347
0.870117
0.724898
0.090181
0.442535
0.300674
0.662057
0.022929
0.379406
0.737725
0.099088
0.954770
0.309170
0.671143
0.530360
0.387607
0.245003
0.603283
0.964474
0.322263
0.677844
0.534298
0.895611
0.755839
0.608036
0.473049
0.327688
0.187545
0.041576
0.908478
0.759670
0.125555
0.485504
0.839000
0.697016
0.556558
0.413953
0.272265
0.630705
0.486739
0.350704
0.203840
0.562888
0.418326
0.282862
0.136760
0.493467
0.350771
0.215914
0.069836
0.433051
0.292459
0.148029
0.502865
0.367105
0.222498
0.083844
0.938337
0.795705
0.155742
0.014372
0.373624
0.227202
0.595727
0.450630
0.304237
0.165573
0.523702
0.882831
0.738914
0.095099
0.959033
0.315658
0.672741
0.530968
0.390343
0.250045
0.608542
0.966333
0.325754
0.182745
0.043611
0.900811
0.753467
0.616723
0.973873
0.834747
0.189888
0.050527
0.407996
0.264335
0.624711
0.987292
0.343639
0.698302
0.061130
0.916315
0.279767
0.130195
0.488354
0.348663
0.711691
0.564064
0.422718
0.286937
0.641748
0.996747
0.355891
0.716967
0.575861
0.937785
0.788751
0.149162
0.510279
0.366300
0.225141
0.089215
0.941165
0.301130
0.158147
0.513592
0.376757
0.235723
0.594171
0.949949
0.813680
0.666758
0.526995
0.384890
0.744808
0.598751
0.958008
0.317300
0.174971
0.033363
0.390514
0.252929
0.609621
0.469045
0.825221
0.186499
0.546078
0.904456
0.758129
0.119079
0.977814
0.835872
0.194224
0.550801
0.409254
0.769828
0.124331
0.982840
0.841303
0.706376
0.056186
0.419649
0.778881
0.133021
0.492388
0.353812
0.209396
0.572610
0.928126
0.283187
0.145251
0.504761
0.859498
0.718752
0.581157
0.432925
0.795963
0.648471
0.512365
0.369489
0.229321
0.082255
0.446314
0.807020
0.166237
0.517410
0.378878
0.738720
0.595698
0.452019
0.312271
0.171401
0.529410
0.888291
0.240452
0.603374
0.966288
0.318708
0.178871
0.037954
0.894303
0.752596
0.614392
0.970595
0.830921
0.190909
0.548095
0.405941
0.262464
0.620154
0.978422
0.337630
0.199966
0.554929
0.914679
0.275570
0.626795
0.489847
0.344353
0.204654
0.064483
0.922393
0.778983
0.136118
0.499336
0.856205
0.213490
0.573067
0.931868
0.290064
0.151912
0.504060
0.363187
0.725528
0.077782
0.938381
0.797330
0.160072
0.012891
0.872448
0.229709
0.088261
0.944877
0.809506
0.665083
0.525412
0.381935
0.737240
0.100142
0.457487
0.312676
0.676677
0.032351
0.388931
0.247247
0.606528
0.462746
0.324295
0.681786
0.040044
0.399679
0.258769
0.613425
0.972253
0.332187
0.194596
0.548072
0.410137
0.765744
0.626128
0.986116
0.338824
0.197586
0.057212
0.922476
0.772658
0.132218
0.490591
0.351334
0.204788
0.065971
0.423602
0.782545
0.141224
0.995595
0.356577
0.215564
0.072203
0.932670
0.795035
0.654177
0.507496
0.366110
0.724115
0.080834
0.938357
0.803600
0.159991
0.520323
0.374279
0.730909
0.592771
0.952323
0.811347
0.167072
0.525404
0.881554
0.739981
0.599133
0.954477
0.817958
0.179064
0.032003
0.890982
0.750032
0.614031
0.967121
0.825677
0.683939
0.045179
0.901749
0.762488
0.119852
0.974442
0.835725
0.190360
0.552937
0.412890
0.769058
0.126931
0.985768
0.843346
0.700785
0.062360
0.923985
0.779589
0.135784
0.993351
0.352941
0.711795
0.069053
0.422646
0.789496
0.645533
0.499654
0.857002
0.721654
0.078234
0.437768
0.796446
0.152036
0.514177
0.877968
0.727624
0.084152
0.948790
0.802819
0.162909
0.520026
0.877790
0.736828
0.098711
0.948611
0.813772
0.171020
0.525907
0.887578
0.744813
0.104414
0.956331
0.317009
0.677627
0.537678
0.892093
0.260070
0.613558
0.973965
0.326524
0.186085
0.048628
0.907986
0.763664
0.620537
0.481564
0.837550
0.195268
0.551990
0.413522
0.271324
0.628928
0.984229
0.341974
0.706033
0.561442
0.918924
0.283192
0.139339
0.500323
0.358360
0.714242
0.572448
0.430025
0.789329
0.145128
0.506030
0.865255
0.219154
0.081705
0.440555
0.295990
0.155710
0.017400
0.371420
0.730232
0.585711
0.944946
0.306169
0.168386
0.519887
0.879931
0.240449
0.098423
0.951267
0.314604
0.674654
0.532953
0.387527
0.750941
0.604862
0.966574
0.320743
0.178265
0.037658
0.402494
0.755670
0.611230
0.474327
0.329695
0.695026
0.549141
0.408624
0.263590
0.126789
0.476961
0.342743
0.697845
0.057395
0.912069
0.773790
0.635164
0.488078
0.849033
0.707835
0.064843
0.921868
0.285608
0.638893
0.003644
0.859188
0.216451
0.072381
0.436640
0.792321
0.148655
0.009165
0.368579
0.726975
0.083468
0.942737
0.297276
0.663296
0.515728
0.875816
0.735197
0.089046
0.949677
0.307525
0.664500
0.524686
0.382176
0.245115
0.600046
0.959163
0.822114
0.675536
0.537604
0.397189
0.251577
0.612011
0.468146
0.325125
0.683631
0.542051
0.399600
0.762663
0.117541
0.973378
0.334301
0.692956
0.050444
0.903730
0.269895
0.631217
0.988037
0.346270
0.704484
0.055478
0.420998
0.273953
0.636407
0.492679
0.355317
0.207603
0.565627
0.927604
0.282137
0.644010
0.504805
0.357389
0.718323
0.077189
0.934193
0.794329
0.154155
0.505925
0.871367
0.225947
0.588035
0.946857
0.804310
0.662219
0.022110
0.881691
0.736999
0.596142
0.954071
0.813526
0.162595
0.026277
0.886502
0.247536
0.101309
0.959790
0.819118
0.181635
0.536494
0.391907
0.754200
0.115110
0.468980
0.826847
0.189964
0.544131
0.402890
0.762070
0.120133
0.977432
0.838220
0.697282
0.553653
0.411404
0.770960
0.129541
0.486702
0.848783
0.200015
0.064325
0.924144
0.777693
0.636401
0.999649
0.853390
0.210826
0.572013
0.924640
0.788738
0.146202
0.007527
0.858644
0.721637
0.083328
0.439145
0.299100
0.651539
0.011483
0.373216
0.234082
0.087798
0.450681
0.808554
0.664519
0.020597
0.385275
0.239890
0.599104
0.458469
0.312401
0.671482
0.029932
0.386523
0.248822
0.607431
0.462413
0.323514
0.180950
0.040075
0.893870
0.756881
0.618811
0.474667
0.829274
0.190065
0.050168
0.406678
0.266728
0.121679
0.985842
0.844440
0.201702
0.556841
0.912257
0.775092
0.131241
0.990970
0.347657
0.707373
0.066995
0.421579
0.778887
0.143616
0.000330
0.355812
0.715697
0.574328
0.938843
0.792467
0.649180
0.006014
0.869968
0.724723
0.585060
0.442548
0.302327
0.153417
0.514884
0.373984
0.732268
0.590044
0.950188
0.803150
0.168860
0.023968
0.880941
0.247155
0.101182
0.455788
0.316287
0.677381
0.535384
0.889747
0.748661
0.107978
0.966664
0.327439
0.681869
0.041301
0.900659
0.260012
0.615256
0.976299
0.333637
0.197805
0.550629
0.912281
0.768502
0.624689
0.987392
0.842863
0.700067
0.560368
0.915241
0.276075
0.637227
0.987419
0.850694
0.708603
0.570042
0.926201
0.782474
0.146341
0.499435
0.861373
0.215853
0.577267
0.937859
0.298435
0.147828
0.009290
0.370343
0.730643
0.084369
0.445490
0.800293
0.661866
0.022142
0.371791
0.735544
0.093537
0.953889
0.806484
0.171315
0.524374
0.387675
0.741834
0.605750
0.462656
0.321248
0.680280
0.536179
0.396091
0.753928
0.609807
0.969005
0.834102
0.184251
0.044808
0.404754
0.763280
0.120101
0.979745
0.336831
0.196134
0.555268
0.410597
0.270647
0.131078
0.491384
0.341852
0.206940
0.064927
0.920433
0.278501
0.137185
0.991317
0.858214
0.212467
0.072252
0.929148
0.289158
0.647039
0.502488
0.864195
0.721126
0.082126
0.939913
0.793147
0.154839
0.015803
0.370828
0.232718
0.092915
0.946508
0.806374
0.167472
0.519320
0.885207
0.735955
0.099057
0.956315
0.314763
0.171843
0.531523
0.891204
0.246986
0.100417
0.464014
0.823549
0.682885
0.038917
0.893424
0.755184
0.615831
0.974325
0.831535
0.189983
0.551530
0.906185
0.764877
0.122548
0.481306
0.338395
0.699415
0.554417
0.415564
0.275461
0.130250
0.989023
0.346548
0.705329
0.066556
0.923617
0.282974
0.641488
0.997296
0.860405
0.713524
0.078007
0.928600
0.291300
0.648755
0.510855
0.364560
0.221676
0.086244
0.938887
0.795633
0.654429
0.015217
0.871560
0.232393
0.092508
0.451247
0.810887
0.669554
0.022028
0.384471
0.242120
0.097077
0.458157
0.815436
0.675444
0.031361
0.891823
0.246983
0.604878
0.967163
0.825436
0.182666
0.043935
0.897589
0.759321
0.118880
0.477745
0.338490
0.692641
0.554664
0.410577
0.270373
0.626881
0.982332
0.843655
0.702236
0.557343
0.416931
0.779307
0.632311
0.991377
0.349753
0.212780
0.069631
0.428417
0.282177
0.642481
0.008178
0.358336
0.716931
0.579726
0.937831
0.791153
0.155629
0.007780
0.368970
0.228907
0.085057
0.943360
0.303044
0.660943
0.519181
0.378395
0.233597
0.089478
0.952277
0.811176
0.168367
0.530741
0.383954
0.241888
0.106533
0.964769
0.817817
0.680855
0.036707
0.894072
0.750656
0.609101
0.971418
0.331993
0.184227
0.545570
0.403062
0.265390
0.117971
0.477928
0.835722
0.697324
0.552743
0.914711
0.271014
0.633088
0.485824
0.842444
0.201446
0.561964
0.423858
0.278276
0.638508
0.995978
0.851668
0.713953
0.575099
0.927187
0.785401
0.143913
0.503266
0.862001
0.216951
0.578391
0.939512
0.299167
0.656753
0.011743
0.872835
0.232255
0.591786
0.446455
0.804977
0.163872
0.024732
0.375432
0.236333
0.598155
0.456688
0.813148
0.671648
0.029316
0.386832
0.743600
0.605145
0.461823
0.319269
0.183611
0.036130
0.398093
0.756658
0.115712
0.471604
0.831836
0.690058
0.543649
0.406617
0.266641
0.620868
0.977444
0.839183
0.695052
0.060104
0.411151
0.270485
0.127823
0.494801
0.844442
0.704784
0.069181
0.925124
0.783782
0.139462
0.000106
0.858615
0.719674
0.576258
0.931717
0.289413
0.650586
0.505058
0.865313
0.723240
0.081689
0.438821
0.298451
0.158229
0.517923
0.877170
0.234213
0.594140
0.952739
0.809557
0.668389
0.025216
0.382169
0.237128
0.600416
0.954786
0.816669
0.172127
0.035395
0.891079
0.249911
0.608199
0.464537
0.823830
0.187049
0.042529
0.901078
0.760859
0.619393
0.974252
0.331875
0.192060
0.054560
0.910525
0.768315
0.622976
0.482554
0.843039
0.198898
0.561939
0.918463
0.278659
0.133110
0.992697
0.848171
0.710277
0.064092
0.928218
0.783744
0.144024
0.500655
0.862025
0.218371
0.576777
0.431840
0.296266
0.653475
0.009672
0.369780
0.724001
0.588408
0.941368
0.801344
0.658597
0.523255
0.875286
0.234516
0.589045
0.450894
0.814173
0.169984
0.530749
0.883197
0.248026
0.100110
0.958843
0.816887
0.677364
0.537382
0.395322
0.750387
0.609443
0.969812
0.328107
0.684913
0.546408
0.405711
0.259293
0.119374
0.978472
0.336943
0.694293
0.052909
0.911089
0.769786
0.627975
0.987294
0.346546
0.205189
0.560142
0.918313
0.781849
0.136404
0.494084
0.350387
0.714202
0.066100
0.426245
0.286538
0.140521
0.007531
0.862704
0.718460
0.577868
0.440264
0.794207
0.658128
0.016269
0.368654
0.228060
0.090616
0.444159
0.304330
0.668419
0.022463
0.377450
0.740252
0.596356
0.455638
0.311624
0.671375
0.028584
0.388374
0.749146
0.106900
0.965623
0.320766
0.180673
0.540925
0.900515
0.253259
0.617033
0.971549
0.334004
0.684942
0.046800
0.907162
0.266479
0.120085
0.481432
0.834669
0.200028
0.554713
0.409977
0.275277
0.635027
0.991326
0.347705
0.208119
0.561923
0.925770
0.783228
0.144742
0.498469
0.358132
0.212348
0.069719
0.429974
0.786286
0.647185
0.007915
0.365153
0.724892
0.580680
0.940929
0.804886
0.162521
0.014990
0.878516
0.731337
0.593744
0.945732
0.805422
0.163863
0.525475
0.381128
0.242037
0.600241
0.462019
0.314431
0.671555
0.031849
0.393649
0.251591
0.106495
0.965765
0.324232
0.182177
0.038690
0.400903
0.758686
0.116942
0.475280
0.833350
0.693158
0.047051
0.406854
0.769129
0.627870
0.482452
0.342417
0.199535
0.558070
0.415986
0.271349
0.634786
0.492611
0.353332
0.705665
0.068525
0.927227
0.284138
0.643514
0.501919
0.859730
0.715479
0.573621
0.430785
0.293932
0.651751
0.510510
0.364458
0.227600
0.586134
0.941997
0.800590
0.158228
0.018290
0.878541
0.238876
0.591678
0.453326
0.306861
0.665691
0.023670
0.888682
0.741206
0.604412
0.961279
0.319392
0.674518
0.036281
0.890762
0.255834
0.111920
0.464998
0.326695
0.186204
0.546042
0.402013
0.764263
0.123271
0.479232
0.837085
0.695712
0.556629
0.914685
0.268880
0.629057
0.988135
0.350244
0.703178
0.060706
0.918559
0.278896
0.635243
0.495107
0.851784
0.710388
0.066813
0.431817
0.783453
0.646901
0.004845
0.363502
0.723941
0.577500
0.936251
0.795084
0.155644
0.012545
0.372107
0.730762
0.090773
0.447113
0.303130
0.157272
0.022658
0.381444
0.737991
0.595163
0.449931
0.314832
0.671382
0.028690
0.386475
0.752527
0.105480
0.464757
0.321475
0.177076
0.042228
0.393341
0.755340
0.613367
0.974970
0.330546
0.187863
0.545168
0.404036
0.260441
0.123916
0.482747
0.341760
0.700083
0.056053
0.915090
0.770509
0.128743
0.490101
0.351145
0.205846
0.061594
0.920294
0.279918
0.136893
0.997159
0.352741
0.714822
0.574866
0.428218
0.288668
0.647024
0.505815
0.869331
0.228804
0.081495
0.943868
0.800054
0.154574
0.013818
0.373563
0.732145
0.089396
0.947174
0.304246
0.667566
0.024023
0.880995
0.241748
0.099233
0.957110
0.814711
0.172953
0.030044
0.889966
0.751168
0.607385
0.467906
0.323374
0.684772
0.040307
0.900062
0.254965
0.114412
0.476480
0.338214
0.690382
0.548381
0.909435
0.267318
0.623800
0.984007
0.840075
0.199174
0.055722
0.913962
0.774982
0.135713
0.498942
0.851345
0.209998
0.570866
0.926345
0.784658
0.642604
0.499027
0.863402
0.718420
0.573769
0.936006
0.792563
0.651221
0.507938
0.867713
0.229051
0.082968
0.446073
0.298156
0.163423
0.513858
0.876452
0.234342
0.597409
0.449058
0.811000
0.668042
0.530047
0.382766
0.241136
0.606454
0.462667
0.320812
0.176692
0.034978
0.889854
0.251307
0.605711
0.470091
0.828501
0.686519
0.541701
0.901976
0.261348
0.121340
0.978984
0.838550
0.194371
0.553094
0.411425
0.768114
0.128339
0.985390
0.845371
0.700500
0.061844
0.419601
0.775420
0.634855
0.993659
0.854052
0.711551
0.074762
0.933241
0.288948
0.642760
0.999924
0.861983
0.720382
0.578861
0.936338
0.794359
0.155556
0.508375
0.367912
0.229360
0.588044
0.445346
0.302132
0.158425
0.521044
0.375261
0.738461
0.597467
0.455057
0.815926
0.173177
0.029267
0.389719
0.746082
0.600452
0.965374
0.320557
0.179688
0.037544
0.392584
0.251138
0.610691
0.471720
0.829449
0.690315
0.047198
0.903044
0.764352
0.125124
0.981061
0.340036
0.195058
0.558211
0.416216
0.270522
0.129429
0.986766
0.349259
0.202298
0.061304
0.920340
0.785944
0.134541
0.999101
0.853299
0.214605
0.073204
0.433588
0.287907
0.650701
0.005165
0.862098
0.722367
0.584853
0.940367
0.795881
0.659046
0.514969
0.376055
0.231447
0.594204
0.950849
0.307790
0.665925
0.025738
0.883391
0.739559
0.594232
0.956563
0.318696
0.676537
0.531942
0.888586
0.249503
0.109037
0.963790
0.323078
0.181972
0.044103
0.901272
0.758042
0.113752
0.979095
0.333217
0.690248
0.051533
0.404769
0.766918
0.121997
0.482845
0.837602
0.201162
0.058750
0.420702
0.276002
0.134581
0.989598
0.351735
0.209869
0.065115
0.927346
0.281993
0.141125
0.498406
0.853973
0.715259
0.578922
0.934380
0.793736
0.148338
0.011348
0.368184
0.222913
0.085977
0.443972
0.299875
0.661167
0.517592
0.876596
0.236837
0.588946
0.953124
0.309145
0.671010
0.529013
0.883058
0.740460
0.597663
0.957388
0.815918
0.677687
0.532808
0.892678
0.250895
0.107745
0.470627
0.824630
0.187729
0.545971
0.404562
0.760867
0.119689
0.478315
0.835979
0.195772
0.052225
0.909467
0.769424
0.125720
0.980863
0.840900
0.200676
0.062064
0.420223
0.777482
0.140135
0.497786
0.851153
0.211813
0.570532
0.930981
0.285010
0.643440
0.002457
0.362158
0.217989
0.576062
0.435051
0.296891
0.154565
0.511472
0.868742
0.228653
0.583160
0.448890
0.802351
0.665860
0.019164
0.880618
0.235203
0.097424
0.451185
0.811450
0.177390
0.030125
0.887761
0.743236
0.104499
0.961406
0.324681
0.173404
0.039642
0.396227
0.256245
0.111884
0.468959
0.829292
0.693615
0.545833
0.906617
0.767305
0.123679
0.482251
0.835681
0.195951
0.557465
0.413383
0.771355
0.128932
0.989192
0.848887
0.204675
0.564975
0.425616
0.777382
0.641843
0.499142
0.858650
0.711082
0.571760
0.432597
0.288354
0.645829
0.504462
0.362315
0.722473
0.079464
0.436911
0.804066
0.659598
0.017820
0.373615
0.228986
0.588255
0.947653
0.306251
0.664390
0.524504
0.882865
0.239813
0.096916
0.459389
0.816442
0.672958
0.532983
0.890574
0.748238
0.610263
0.966731
0.321844
0.681816
0.039451
0.398374
0.756700
0.115662
0.471494
0.328028
0.689220
0.047754
0.406439
0.268009
0.125919
0.986327
0.339481
0.198259
0.060227
0.419747
0.772018
0.631694
0.992401
0.352556
0.704285
0.066565
0.421944
0.286132
0.640638
0.998982
0.856929
0.716890
0.571755
0.427338
0.790773
0.148016
0.513418
0.366909
0.725544
0.083257
0.444623
0.801279
0.662613
0.519318
0.378975
0.733387
0.593975
0.952850
0.808089
0.167554
0.022522
0.884050
0.740610
0.597416
0.957816
0.318843
0.680703
0.033415
0.894106
0.754602
0.114240
0.467544
0.827738
0.181667
0.548079
0.401793
0.761265
0.618747
0.979913
0.333503
0.191856
0.549341
0.911943
0.267752
0.623671
0.988817
0.841734
0.706647
0.562473
0.422066
0.777841
0.637584
0.992736
0.353083
0.710723
0.567774
0.423810
0.286700
0.645121
0.503947
0.361672
0.219509
0.079109
0.438488
0.292695
0.654003
0.514257
0.371107
0.226171
0.085834
0.448888
0.306239
0.662994
0.520846
0.879718
0.236529
0.097799
0.952389
0.811596
0.669513
0.026663
0.883147
0.246958
0.103508
0.460720
0.318017
0.176704
0.539294
0.893288
0.256061
0.613586
0.473840
0.831927
0.190548
0.544932
0.409412
0.763675
0.622547
0.978935
0.335597
0.696395
0.052812
0.915094
0.271029
0.632981
0.487432
0.344255
0.207102
0.564244
0.918344
0.278213
0.639397
0.998021
0.854496
0.209471
0.069925
0.429803
0.785779
0.646996
0.507486
0.367996
0.725088
0.580540
0.439665
0.298531
0.155710
0.515290
0.369330
0.231111
0.085499
0.944465
0.304502
0.161040
0.019493
0.384793
0.240265
0.098651
0.459152
0.312630
0.174704
0.030256
0.893392
0.743413
0.608265
0.964172
0.825206
0.178217
0.039182
0.400243
0.757849
0.114424
0.471803
0.334559
0.690574
0.549556
0.907638
0.264237
0.128745
0.981904
0.340825
0.700000
0.560206
0.413142
0.775483
0.632851
0.492766
0.350278
0.209976
0.567188
0.425712
0.279134
0.641645
0.999766
0.855021
0.712433
0.573920
0.936966
0.292647
0.650243
0.008308
0.870385
0.726665
0.089220
0.940248
0.801613
0.659711
0.517650
0.370616
0.732064
0.093468
0.448764
0.308451
0.163870
0.525745
0.886590
0.742964
0.102500
0.460161
0.822795
0.676413
0.533924
0.894967
0.753434
0.607136
0.468847
0.325063
0.183896
0.042889
0.398046
0.259606
0.117775
0.974301
0.335546
0.695488
0.052745
0.905806
0.768352
0.627064
0.486896
0.843041
0.202192
0.557903
0.921688
0.273013
0.137961
0.995571
0.856868
0.712024
0.566984
0.925941
0.787749
0.144433
0.001690
0.859085
0.217494
0.579444
0.932918
0.292740
0.153086
0.514585
0.368399
0.731854
0.087380
0.948249
0.303571
0.659202
0.019206
0.875946
0.735235
0.091936
0.954412
0.313110
0.668100
0.028020
0.887895
0.247787
0.599596
0.963147
0.818521
0.680357
0.033189
0.395032
0.753504
0.612458
0.466205
0.828359
0.687480
0.049570
0.400820
0.260780
0.121757
0.480246
0.341285
0.192714
0.553319
0.410714
0.774588
0.628396
0.988537
0.845035
0.206774
0.560235
0.922137
0.777393
0.138504
0.999261
0.353921
0.212761
0.572903
0.432715
0.290440
0.651348
0.003905
0.861034
0.721512
0.580772
0.940123
0.296871
0.653947
0.013244
0.872172
0.228773
0.086884
0.952659
0.310501
0.163668
0.022443
0.882153
0.245124
0.598170
0.956838
0.815192
0.672895
0.035144
0.386656
0.246471
0.606375
0.963177
0.821893
0.682216
0.038951
0.397358
0.756193
0.114340
0.473527
0.835489
0.192430
0.548759
0.909037
0.768909
0.621285
0.484016
0.343547
0.698064
0.555412
0.417946
0.773783
0.133293
0.491611
0.347170
0.207874
0.563771
0.923862
0.276703
0.643291
0.999945
0.857544
0.215930
0.074857
0.934934
0.291750
0.148475
0.505934
0.872812
0.223279
0.083959
0.440830
0.801459
0.156642
0.015802
0.371138
0.235646
0.092423
0.952828
0.307616
0.664873
0.528628
0.883436
0.243095
0.102556
0.962256
0.816097
0.677365
0.032585
0.395818
0.245524
0.111941
0.465626
0.826519
0.181966
0.539624
0.901359
0.262178
0.115580
0.476215
0.337683
0.691669
0.549891
0.908570
0.266424
0.627537
0.984755
0.342010
0.199312
0.561674
0.418302
0.276257
0.135740
0.491406
0.852043
0.711301
0.066403
0.425818
0.286396
0.139710
0.499403
0.859040
0.217525
0.075965
0.437034
0.795428
0.154167
0.508855
0.871758
0.730986
0.090515
0.941943
0.302406
0.161607
0.520716
0.377384
0.735584
0.096276
0.955906
0.809710
0.669895
0.030154
0.387403
0.743358
0.101801
0.962629
0.823941
0.676546
0.535537
0.394011
0.755442
0.109925
0.471806
0.833069
0.686579
0.547218
0.905477
0.264923
0.120509
0.478405
0.338361
0.195493
0.055690
0.911073
0.271085
0.627189
0.489238
0.846987
0.205868
0.562788
0.423770
0.282640
0.639600
0.994862
0.358230
0.216717
0.572151
0.428817
0.788887
0.645298
0.501262
0.862284
0.220810
0.080984
0.936719
0.294953
0.654387
0.519186
0.873220
0.729075
0.592897
0.452313
0.804676
0.166411
0.021899
0.379332
0.238472
0.594011
0.456956
0.815107
0.170055
0.532675
0.885346
0.748117
0.099728
0.467231
0.824389
0.179884
0.039017
0.897276
0.755208
0.617315
0.474600
0.831770
0.191885
0.548231
0.409280
0.260692
0.125343
0.482996
0.844033
0.697660
0.558660
0.414671
0.276898
0.129600
0.484781
0.346895
0.706722
0.563641
0.425315
0.284359
0.139477
0.998919
0.857818
0.216240
0.575712
0.934798
0.787683
0.149009
0.007725
0.362226
0.724535
0.082669
0.941014
0.797060
0.658700
0.016572
0.877523
0.727372
0.086794
0.453888
0.311010
0.169786
0.022525
0.384522
0.742321
0.100122
0.458186
0.819499
0.176505
0.035767
0.388877
0.249339
0.608239
0.471631
0.828632
0.683374
0.043631
0.901270
0.258957
0.118943
0.476115
0.334310
0.194027
0.051051
0.908274
0.270025
0.127870
0.984525
0.844269
0.701505
0.058619
0.420638
0.280917
0.133571
0.991899
0.851748
0.707666
0.067594
0.927272
0.281037
0.143648
0.503039
0.359306
0.219312
0.080303
0.440254
0.793700
0.654326
0.006272
0.370383
0.228384
0.585207
0.942246
0.305945
0.162783
0.518735
0.379459
0.738144
0.595600
0.950992
0.815197
0.667683
0.027012
0.886491
0.745002
0.599829
0.966045
0.815828
0.179492
0.038177
0.894663
0.252937
0.113124
0.473383
0.326810
0.187508
0.044262
0.406339
0.262718
0.618921
0.472607
0.336026
0.694108
0.049025
0.410325
0.770764
0.630993
0.486522
0.848439
0.203862
0.569823
0.926192
0.781597
0.135317
0.493957
0.354263
0.208121
0.069738
0.926878
0.789322
0.645280
0.502614
0.361597
0.223689
0.575094
0.941691
0.799473
0.157981
0.513280
0.372638
0.729742
0.588295
0.943456
0.307272
0.162869
0.022290
0.379163
0.734971
0.099431
0.957041
0.813320
0.172022
0.532015
0.389777
0.243383
0.602812
0.962244
0.322886
0.680553
0.538698
0.897798
0.756862
0.113686
0.969576
0.331088
0.190501
0.052156
0.407966
0.268082
0.120198
0.983724
0.840929
0.196876
0.058799
0.414465
0.272895
0.629684
0.992913
0.349324
0.707194
0.567700
0.926972
0.785710
0.642048
0.999594
0.356401
0.717252
0.568505
0.929807
0.290762
0.150404
0.501910
0.366884
0.228658
0.583851
0.441187
0.801229
0.157917
0.019163
0.378554
0.729390
0.591214
0.952547
0.306843
0.166432
0.027431
0.380709
0.242378
0.103036
0.955744
0.316691
0.176475
0.533545
0.390626
0.753393
0.105916
0.467867
0.822180
0.184932
0.539637
0.900754
0.760347
0.618240
0.979901
0.332715
0.193585
0.551322
0.915639
0.264009
0.126234
0.985561
0.344331
0.198505
0.559154
0.916884
0.776171
0.633249
0.493963
0.348292
0.212915
0.064736
0.420727
0.287761
0.144003
0.502025
0.861374
0.715099
0.573226
0.433560
0.796272
0.153965
0.512350
0.371125
0.225276
0.085447
0.445790
0.802443
0.161071
0.020783
0.375419
0.236128
0.588884
0.950201
0.311131
0.668574
0.524076
0.887750
0.746131
0.606458
0.960540
0.316665
0.180903
0.038182
0.893569
0.253527
0.115917
0.468126
0.326592
0.181103
0.042662
0.905739
0.758437
0.116560
0.976182
0.836915
0.694891
0.055278
0.414057
0.772273
0.130620
0.489235
0.846499
0.704757
0.557651
0.916107
0.278865
0.133716
0.497413
0.853245
0.714399
0.570074
0.430059
0.287218
0.148197
0.008892
0.866054
0.720459
0.079018
0.440919
0.796968
0.657352
0.011258
0.873224
0.730241
0.589432
0.445778
0.805406
0.665994
0.020620
0.378338
0.238473
0.099249
0.452055
0.813609
0.171725
0.029015
0.388066
0.751704
0.106416
0.466156
0.325777
0.677644
0.039694
0.901010
0.755072
0.616116
0.976275
0.830976
0.186286
0.548189
0.402958
0.264783
0.123517
0.477968
0.339012
0.201441
0.554587
0.913382
0.772983
0.637659
0.492579
0.351218
0.210232
0.064919
0.925698
0.779090
0.639057
0.497535
0.860999
0.709571
0.072517
0.431811
0.793550
0.648392
0.011465
0.861939
0.224487
0.083207
0.436945
0.296831
0.656285
0.513791
0.873394
0.734288
0.090617
0.947440
0.806749
0.670073
0.523244
0.383715
0.241779
0.603266
0.958503
0.814429
0.669957
0.031110
0.393387
0.750413
0.606114
0.464692
0.822819
0.685263
0.040437
0.898233
0.759592
0.621493
0.973813
0.332538
0.692143
0.552712
0.405828
0.268954
0.126045
0.484811
0.843424
0.700276
0.557418
0.916735
0.275768
0.134166
0.993017
0.852142
0.207626
0.567920
0.925083
0.782262
0.636913
0.504749
0.857328
0.719166
0.573578
0.932449
0.795294
0.651898
0.008903
0.366910
0.228539
0.085368
0.943911
0.798051
0.658678
0.016846
0.879749
0.237600
0.595355
0.957709
0.816075
0.668830
0.029965
0.890722
0.744589
0.104788
0.459510
0.819937
0.677960
0.036683
0.889649
0.753150
0.111022
0.466746
0.824717
0.186740
0.042025
0.897714
0.264433
0.121797
0.983760
0.337448
0.202107
0.052927
0.413971
0.767365
0.628848
0.987769
0.850226
0.198727
0.559278
0.924089
0.778203
0.636274
0.995990
0.351165
0.212366
0.571772
0.426445
0.282467
0.149130
0.004913
0.360746
0.221310
0.078626
0.940600
0.797768
0.155261
0.011706
0.873635
0.733995
0.088688
0.447140
0.805753
0.660550
0.020331
0.379403
0.239170
0.094851
0.955255
0.311186
0.674285
0.029497
0.887532
0.248019
0.606298
0.960426
0.321655
0.681236
0.539516
0.895608
0.250087
0.617233
0.972219
0.831084
0.191832
0.542689
0.405350
0.762833
0.621992
0.480289
0.340562
0.697396
0.055855
0.416496
0.771960
0.133277
0.989283
0.847930
0.202459
0.564315
0.417602
0.780477
0.641411
0.996213
0.858092
0.217308
0.571567
0.934175
0.790022
0.148323
0.506979
0.362663
0.222609
0.582716
0.944652
0.799239
0.155547
0.012449
0.877458
0.733629
0.089425
0.449602
0.304942
0.667371
0.023881
0.379906
0.240143
0.102132
0.453372
0.813748
0.672646
0.534621
0.888243
0.246633
0.110342
0.466603
0.328800
0.185855
0.042597
0.401875
0.759416
0.615344
0.978687
0.336533
0.694624
0.549626
0.907986
0.266424
0.126321
0.485463
0.842126
0.201984
0.558971
0.413827
0.775789
0.639988
0.490371
0.849305
0.710232
0.066692
0.429039
0.284778
0.641846
0.998270
0.363624
0.718713
0.074899
0.436030
0.296985
0.149300
0.009890
0.865440
0.223492
0.083122
0.443244
0.797968
0.659940
0.520374
0.376375
0.236941
0.598198
0.947550
0.812462
0.171991
0.527054
0.386449
0.743716
0.603271
0.460302
0.821100
0.174261
0.035580
0.892209
0.253650
0.104887
0.469719
0.330760
0.686519
0.542775
0.405151
0.261693
0.623278
0.477504
0.837318
0.192713
0.553502
0.908239
0.265758
0.129299
0.987806
0.844749
0.702804
0.062205
0.419062
0.781438
0.138595
0.494465
0.350493
0.210749
0.569310
0.429209
0.289235
0.142333
0.502334
0.363289
0.222082
0.576981
0.437651
0.796570
0.152216
0.514508
0.865453
0.727058
0.088967
0.447102
0.303628
0.160461
0.520301
0.380454
0.734948
0.598220
0.459024
0.313399
0.172315
0.528138
0.887920
0.749482
0.601993
0.462511
0.822410
0.179346
0.036135
0.894988
0.751870
0.613716
0.969549
0.330492
0.185506
0.547927
0.899321
0.767539
0.127252
0.983556
0.336945
0.201075
0.555825
0.414416
0.271493
0.629210
0.489637
0.848255
0.210566
0.063253
0.927164
0.785250
0.140867
0.995458
0.358152
0.715112
0.572637
0.432175
0.783673
0.149729
0.507012
0.363419
0.722606
0.085950
0.442503
0.799342
0.660178
0.515102
0.376672
0.734508
0.088333
0.448051
0.309937
0.663543
0.024125
0.381430
0.240078
0.093806
0.460935
0.315893
0.672982
0.030492
0.392820
0.748529
0.608944
0.465886
0.822232
0.685448
0.544111
0.897178
0.757605
0.116250
0.974160
0.836471
0.689330
0.548698
0.409576
0.770482
0.625794
0.480432
0.343040
0.202448
0.556607
0.919284
0.276711
0.635778
0.989143
0.851155
0.706032
0.570417
0.927849
0.783605
0.142956
0.002042
0.360221
0.215135
0.079172
0.429169
0.789434
0.648888
0.507429
0.365549
0.226603
0.085370
0.947033
0.803509
0.162013
0.018663
0.877739
0.237983
0.589832
0.452819
0.812369
0.170445
0.023510
0.883420
0.237670
0.100550
0.461744
0.816464
0.177329
0.035221
0.896019
0.748817
0.111476
0.969568
0.830473
0.184184
0.044455
0.899024
0.262716
0.618317
0.474302
0.335850
0.192629
0.054703
0.910438
0.272147
0.625318
0.983418
0.844592
0.704465
0.060556
0.916990
