0.23501868317302343
0.49695031041239324
0.48872330065268177
0.9226122025503416
0.08975951473094768
0.5328912099367707
0.8032342721659741
0.4105441466027431
0.08404216356469185
0.6727555471634126
0.9011114869586621
0.08378746579291563
0.4445564403096909
0.3640785554301659
0.7696546512652312
0.5251309424536128
0.47496399141014256
0.17434204993371683
0.5969419500242299
0.7282086427959832
0.8384471956283499
0.11345442166619746
0.5713436142180911
0.8159214044491946
0.3078825108019013
0.5374520828618952
0.6207394626555861
0.8504359820998815
0.8562309054187389
0.17113168454271666
0.9064730642661356
0.865186764145016
0.052437301487378796
0.8403896788228404
0.16343870461931143
0.2294623837964962
0.1488547544618255
0.4138019179564879
0.2797912916552048
0.6954228379264253
0.2670572511205558
0.2144003100600701
0.20192010297270024
0.5135428881353178
0.5296574368916257
0.3155636343848299
0.23254151808199308
0.539753155076193
0.49894514314364113
0.7545487896601948
0.8025198131798292
0.8587565368272851
0.25744707595795546
0.15604900780375075
0.651592972722763
0.7887233511355132
0.0938595867742349
0.02834747652200631
0.8357651039198697
0.43276706790505337
0.07416754906970224
0.2412183124566043
0.38166891142299064
0.2856711685837189
0.6617593520798355
0.9868346854833971
0.3184854318886695
0.2068494554055359
0.3863144160088857
0.3999309660120076
0.5102660622587356
0.09017681835336566
0.7686999479368904
0.8531951779422681
0.10874856864411553
0.5132480104095606
0.8225324066482965
0.7769592764486889
0.6143093525402107
0.8662955766783057
0.24676571960294236
0.0951009633835489
0.08814913579141315
0.31223555298632866
0.3298344116436186
0.13944117809385492
0.2508216790751341
0.7699809830135035
0.6812025798410788
0.04102292915434891
0.3066933281734099
0.17329013570531948
0.734864592297881
0.9375706736127938
0.2192502598789533
0.3299701877822738
0.18078685581838239
0.693276513234042
0.4610337641566735
0.3448606606369695
0.9706348301442478
0.5154389869040724
0.8787178982088466
0.03791653059858058
0.8194141106127972
0.962201125180818
0.5702805702451802
0.17151709517771863
0.7076333124688318
0.8701175406393582
0.5514983860892295
0.2863550502072204
0.35883316801624676
0.5447052107153713
0.3794896289360963
0.7967228958213105
0.21989064136249092
0.603815513784034
0.2683431357735844
0.2838175743418577
0.762280082457942
0.0021060533511106927
0.4453871940548014
0.7215400323407826
0.22876222127045265
0.9452706955539223
0.3573752165110148
0.35678886049013525
0.0028655960433683347
0.832688462291885
0.6175933553600116
0.16442909430424857
0.38636443476107696
0.9053894035696106
0.2012000617915647
0.5207426269174332
0.4166040326891619
0.8879472832020315
0.4206411767944471
0.9292856716568809
0.33246154981138176
0.5370443817692322
0.7172924828636303
0.3492539499700358
0.9599049564462838
0.6042251049253358
0.7801176951498712
0.8398034639237468
0.2221929075859872
0.06588126587027232
0.8191563430843076
0.42846721602200044
0.1292172289159964
0.5210850124641322
0.5676977549965232
0.7623674910321088
0.12088995980580641
0.3326951853601291
0.7214844075832684
0.7111917696952796
0.9364405867994596
0.4221069999614152
0.6445367778795219
0.6413425218845886
0.40013818474437046
0.26142811326986304
0.6753245174278202
0.38538413086923706
0.2143377691055881
0.8228965828576935
0.5386596159811745
0.9243946249503633
0.9079739842078218
0.09402755705351773
0.051671444224005936
0.31715565282671876
0.21886428682994608
0.3968975398008133
0.8802636072667511
0.7281690078580212
0.2683676293055387
0.4934852040942417
0.9380720097944464
0.352050496299232
0.10944123263057037
0.7225083611393249
0.8985563734899096
0.7815195144112246
0.001837122978024408
0.31218590782961186
0.7765266060309549
0.7013448722002378
0.38001484955262543
0.654723245745896
0.7345995543816013
0.6181325904089894
0.4395626742348593
0.8149337733776539
0.13436424411240122
0.8474337369372327
0.763774618976614
0.2550690257394217
0.49543508709194095
0.4494910647887381
0.7402767735199397
0.7784100299896909
0.7523486435078317
0.38329885848932543
0.7025493057832178
0.4930529986613418
0.9825836265504634
0.2955498600489178
0.5965706431884413
0.44984453463009777
0.31328086106892794
0.06296479004764532
0.09203559565754527
0.34419085141051775
0.3920320121669508
0.6748493944843847
0.9369893705793074
0.7463607465507192
0.06081960491408778
0.7045121148123322
0.33442546161830855
0.740241514584191
0.4880789763430653
0.03694399771031631
0.2688281479435498
0.8124183844648357
0.7032902897959226
0.43024844548330043
0.9408443560876343
0.7368747123566676
0.5490123114290596
0.5100982573735285
0.0615220613802443
0.6372053418350945
0.5864340356527612
0.7094944542868289
0.3066933281734099
0.17329013570531948
0.734864592297881
0.9375706736127938
0.2192502598789533
0.3299701877822738
0.35710464902442096
0.7000713581611007
0.6704000298280526
0.841981594242952
0.7532103375717905
0.5394202312381049
0.3716143307475649
0.7012826629078087
0.7364181165753182
0.5945778048409015
0.8562771389130047
0.8966043711163488
0.7073503467193849
0.916199499576408
0.35046166128768863
0.7743428377862625
0.0713119523603829
0.9075082454611546
0.9257782808935802
0.6106536543314189
0.9992686916595911
0.43139617307979616
0.0634109233892749
0.6659601750515435
0.2521677451983275
0.7832294553856212
0.6497143109340363
0.6283937463142392
0.8716023646691626
0.30206525870111267
0.4206411767944471
0.9292856716568809
0.33246154981138176
0.5370443817692322
0.7172924828636303
0.3492539499700358
0.7690714364654136
0.5268808987773487
0.8830118074123103
0.8612323944814784
0.6398845814199868
0.23989480185523326
0.485953999758885
0.1935771013933829
0.43255457179229484
0.3915793470236284
0.888903007627455
0.08089868692008717
0.15967722935544792
0.461146393355099
0.38367825351152385
0.09346856003753468
0.4423190780743185
0.12178945957316667
0.15623380584540647
0.20098029484098068
0.47723671448199523
0.2821679234341109
0.20805380588010436
0.6090314777223957
0.3832563847662638
0.2840474457335592
0.10813920873416805
0.8075490893732804
0.11807153053066555
0.7472652346880435
0.550665754985187
0.25137969768636803
0.23351655291523876
0.21074885421583522
0.8870010231418268
0.23859133549179212
0.2983209812551685
0.35261614078782044
0.325288696205143
0.7485137769587532
0.5010568574712526
0.526128397299826
0.7597268973405501
0.3282812567036614
0.9426355662175435
0.3442831960284647
0.3615654453653383
0.5952787464923772
0.286233409954492
0.3443232630067411
0.5895401991104068
0.4425217598693767
0.7934570478484626
0.6647668867194073
0.5209612980441294
0.44910441983700256
0.9217024261203325
0.15440946773073505
0.4939881104384314
0.15587745496186645
0.12764550847781864
0.23993095992134006
0.9835965407178494
0.2108027991232112
0.15744970324573937
0.19910739666616695
0.46283560526727063
0.08352527569155965
0.030846454752904928
0.9683665134077392
0.7220739870763989
0.6218775171739609
0.34028523500198804
0.29121528741113467
0.8674198235869027
0.6039825288917112
0.9543074571721899
0.8872651047169627
0.23501868317302343
0.49695031041239324
0.48872330065268177
0.9226122025503416
0.08975951473094768
0.5328912099367707
0.3184854318886695
0.2068494554055359
0.3863144160088857
0.3999309660120076
0.5102660622587356
0.09017681835336566
0.651592972722763
0.7887233511355132
0.0938595867742349
0.02834747652200631
0.8357651039198697
0.43276706790505337
0.6535567045078392
0.5367539828808665
0.2479157030445568
0.7794770186017971
0.11909343724707233
0.6438881683971543
0.1799439322930615
0.4792894166915158
0.393974238135707
0.9017174662483175
0.20827142541035648
0.025635179260195318
0.3767806800141209
0.8069060317999299
0.5450388128736626
0.9222518302596108
0.13933426363553547
0.8269896502429993
0.1488547544618255
0.4138019179564879
0.2797912916552048
0.6954228379264253
0.2670572511205558
0.2144003100600701
0.9599049564462838
0.6042251049253358
0.7801176951498712
0.8398034639237468
0.2221929075859872
0.06588126587027232
0.2523204240360898
0.14001375952712758
0.6999773282544669
0.5047323502998249
0.374666778603888
0.343389372521847
0.004904339998413443
0.2854627581829222
0.8321928844944538
0.05441784063717392
0.31180804711973154
0.6784256856743994
0.6756003377375025
0.5444763147281303
0.9447352378727902
0.798160742835389
0.725818500464358
0.8140323746264132
0.9600788169648591
0.5712326942175455
0.17627589520647535
0.2505954088773793
0.21761868850658306
0.5695173495977943
0.9111784124390645
0.24825488891517555
0.1570121590370709
0.7080931431805251
0.8241746816646236
0.41177098336471685
0.13145070703129846
0.9714587218027418
0.3240527470580955
0.4068173302405381
0.08125154308878235
0.5822694112989741
0.34625609407939617
0.6575553612841176
0.9957895941910351
0.7720707350640242
0.05566721124166507
0.4348726676027125
0.6399301619811693
0.2651113727301603
0.01824092087039042
0.0042661869127905705
0.37075113134002324
0.18407964003735244
0.6814871183566623
0.4361538773074043
0.28012496588736746
0.12538311384749
0.6627147212460307
0.3780189829703957
0.2516949499270337
0.3920520681100138
0.36836941973547743
0.32636973582464
0.5166260273801127
0.5986354846604097
0.7776205662351037
0.5338157955392723
0.02865787832436706
0.4771082479560438
0.2046535044856339
0.09889374540288409
0.19049538815183042
0.9555819380935793
0.8911070631728697
0.11077264939438358
0.5823443276302799
0.9125954859280321
0.16801566110709887
0.5668151611593164
0.8716093640664898
0.7113958129796156
0.14949515586294948
0.457683933115711
0.39389986057360393
0.618394894606881
0.5162528186782316
0.6022016416960368
0.7321793932974736
0.09324176434074105
0.9881584986060327
0.4210135874302673
0.1155581805922733
0.16738343746133177
0.24142028509784308
0.7440064165370084
0.13436424411240122
0.8474337369372327
0.763774618976614
0.2550690257394217
0.49543508709194095
0.4494910647887381
0.9599049564462838
0.6042251049253358
0.7801176951498712
0.8398034639237468
0.2221929075859872
0.06588126587027232
0.8521763955500221
0.6646023336808439
0.19180832435933537
0.5958309416159691
0.8207868664607583
0.2474069719844907
0.04382117280551401
0.41494207193361343
0.8151416804403615
0.11404448039837134
0.8426252737482592
0.9101213618332757
0.21858928557985446
0.16872533960792668
0.32206891640755997
0.1628030438242163
0.6452413203777901
0.6084923686022776
0.26280857052543405
0.2105816684575813
0.27712940217334403
0.48042161797818994
0.7375490927111236
0.301322965230045
0.3563707764674934
0.8928193015236957
0.1810919464974321
0.10163092132111073
0.8587064458782379
0.6874170517494126
0.7867638967308105
0.09897989202518664
0.272646280863981
0.2239763948717488
0.5648980079921411
0.9626300889612249
0.46972691539810885
0.42720961885843156
0.06825946996291776
0.9423001350841944
0.34451122537804435
0.05554112289096147
0.7459740063624627
0.8041545351610879
0.6168550091230327
0.20945382753085062
0.7921081440810218
0.2892950075084726
0.6143093525402107
0.8662955766783057
0.24676571960294236
0.0951009633835489
0.08814913579141315
0.31223555298632866
0.8861271016004462
0.7012787731350892
0.43615473211484856
0.5160212467160076
0.09835720247652158
0.24248569825052346
0.3560561640147687
0.8340208899998853
0.6253079474529442
0.09487393830208601
0.7965235698366518
0.7589878395595581
0.5925947286415035
0.6151849357234862
0.7547485637932494
0.25489656342834177
0.058248170108083475
0.8285553737078101
0.3066933281734099
0.17329013570531948
0.734864592297881
0.9375706736127938
0.2192502598789533
0.3299701877822738
0.39389986057360393
0.618394894606881
0.5162528186782316
0.6022016416960368
0.7321793932974736
0.09324176434074105
0.15967722935544792
0.461146393355099
0.38367825351152385
0.09346856003753468
0.4423190780743185
0.12178945957316667
